age 1955 1956 1957 1958 1959 1960 1961 1962 1963 1964 1965 1966 1967 1968 1969 1970 1971 1972 1973 1974 1975 1976 1977 1978 1979 1980 1981 1982 1983 1984 1985 1986 1987 1988 1989 1990 1991 1992 1993 1994 1995 1996 1997 1998 1999 2000 2001 2002
0.000000e+00 1.972532e-02 1.925993e-02 1.941143e-02 1.795133e-02 1.908125e-02 1.828830e-02 1.810800e-02 1.801284e-02 1.835560e-02 1.713366e-02 1.470401e-02 1.456556e-02 1.401238e-02 1.380853e-02 1.341385e-02 1.285412e-02 1.318388e-02 1.259156e-02 1.044400e-02 1.058173e-02 9.212198e-03 8.626833e-03 8.751745e-03 8.520729e-03 8.687138e-03 8.114819e-03 7.103125e-03 7.051720e-03 6.938801e-03 7.360054e-03 7.545458e-03 6.797108e-03 6.814505e-03 7.073057e-03 6.754312e-03 7.022402e-03 6.583577e-03 5.920403e-03 5.225436e-03 4.646609e-03 4.353656e-03 3.832857e-03 3.901838e-03 3.999484e-03 3.983115e-03 4.088361e-03 4.025302e-03 3.629764e-03
1.000000e+00 1.599339e-03 1.578888e-03 1.747351e-03 1.304017e-03 1.369863e-03 1.455740e-03 1.253743e-03 1.161868e-03 1.057881e-03 8.107909e-04 1.022708e-03 1.200634e-03 7.351179e-04 8.434387e-04 7.274844e-04 7.747800e-04 5.745682e-04 6.605727e-04 6.360120e-04 7.689753e-04 6.597600e-04 5.475291e-04 5.428170e-04 4.716332e-04 7.652034e-04 5.637332e-04 3.838151e-04 4.402994e-04 3.523316e-04 3.966763e-04 4.421146e-04 5.765113e-04 4.510865e-04 5.131129e-04 3.717541e-04 3.955560e-04 3.833269e-04 3.288392e-04 2.820123e-04 3.796147e-04 3.493072e-04 4.011022e-04 3.759752e-04 3.700201e-04 1.719617e-04 2.807533e-04 2.190533e-04 3.389615e-04
2.000000e+00 1.207338e-03 1.185345e-03 9.960534e-04 1.009600e-03 9.785445e-04 7.971082e-04 9.333060e-04 1.046455e-03 9.681667e-04 5.667542e-04 8.442071e-04 7.073600e-04 5.588733e-04 5.429228e-04 6.862651e-04 4.966277e-04 5.286043e-04 4.486800e-04 4.836976e-04 5.167336e-04 4.883238e-04 5.323585e-04 5.094691e-04 1.864141e-04 4.316942e-04 2.815995e-04 3.334375e-04 3.436148e-04 3.204936e-04 1.658994e-04 2.706473e-04 2.518522e-04 3.889696e-04 2.537328e-04 2.643954e-04 3.874682e-04 2.050091e-04 3.318896e-04 2.657870e-04 1.716792e-04 2.047728e-04 1.332356e-04 6.974473e-05 2.633757e-04 1.436133e-04 8.573388e-05 2.794737e-04 3.919093e-04
3.000000e+00 8.665355e-04 1.026583e-03 9.514406e-04 9.375410e-04 9.177343e-04 7.260055e-04 8.346936e-04 7.277206e-04 5.233156e-04 9.090909e-04 7.341176e-04 5.479152e-04 6.706216e-04 6.873951e-04 4.780724e-04 6.483649e-04 3.974436e-04 5.626982e-04 4.142577e-04 2.693530e-04 3.612903e-04 3.648811e-04 4.953297e-04 4.027104e-04 2.419820e-04 3.331308e-04 3.015439e-04 3.126303e-04 3.033919e-04 1.803137e-04 3.519523e-04 2.907218e-04 2.092357e-04 2.652574e-04 2.135839e-04 3.556720e-04 2.384402e-04 2.890763e-04 2.811776e-04 2.022150e-04 9.259688e-05 1.574754e-04 2.166811e-04 1.569503e-04 9.400263e-05 8.180461e-05 1.492251e-04 1.069427e-04
4.000000e+00 9.104808e-04 6.676170e-04 8.998308e-04 8.246979e-04 7.127985e-04 8.084074e-04 6.166458e-04 5.003985e-04 5.412265e-04 5.416309e-04 4.438355e-04 7.491759e-04 4.553568e-04 5.502442e-04 7.352001e-04 6.330116e-04 2.990242e-04 3.656133e-04 3.775593e-04 3.972266e-04 4.483340e-04 2.917053e-04 4.156420e-04 3.880481e-04 3.849182e-04 3.163615e-04 2.348704e-04 3.619254e-04 2.501876e-04 1.618712e-04 1.399664e-04 1.240361e-04 1.862506e-04 2.082032e-04 3.651412e-04 2.118318e-04 1.858529e-04 2.191301e-04 2.542588e-04 2.632055e-04 1.538107e-04 2.468031e-04 2.207540e-04 1.333689e-04 8.709588e-05 7.504831e-05 1.018641e-04 1.483648e-04
5.000000e+00 7.403508e-04 5.835007e-04 6.131318e-04 8.261494e-04 6.454736e-04 7.316936e-04 6.432523e-04 6.339776e-04 7.038732e-04 6.528511e-04 6.334538e-04 6.915629e-04 4.483383e-04 4.368640e-04 5.158539e-04 5.716463e-04 5.195459e-04 4.726196e-04 4.309863e-04 6.024511e-04 5.049959e-04 3.401056e-04 3.080451e-04 5.351194e-04 3.349788e-04 2.446782e-04 2.232600e-04 1.958442e-04 2.412642e-04 1.461195e-04 3.032263e-04 1.997403e-04 2.883388e-04 2.058969e-04 1.861042e-04 1.408366e-04 7.654038e-05 1.110597e-04 1.455869e-04 1.854130e-04 1.463058e-04 1.382913e-04 1.696876e-04 1.261850e-04 8.329863e-05 5.219207e-05 9.351213e-05 8.113426e-05
6.000000e+00 5.867335e-04 7.071438e-04 5.146945e-04 7.557219e-04 6.109723e-04 4.486719e-04 5.822034e-04 4.591031e-04 5.612282e-04 5.742017e-04 5.953710e-04 4.273266e-04 5.174198e-04 4.672635e-04 5.827081e-04 2.906132e-04 4.112688e-04 4.100300e-04 2.530124e-04 3.363013e-04 2.755438e-04 3.425460e-04 3.571939e-04 2.730981e-04 3.109668e-04 2.994961e-04 2.798426e-04 1.303587e-04 3.724979e-04 2.011911e-04 1.878169e-04 1.414170e-04 1.194672e-04 2.665409e-04 1.638941e-04 1.436487e-04 2.197802e-04 1.711710e-04 1.475198e-04 1.084893e-04 8.333472e-05 1.947673e-04 2.304926e-04 1.387283e-04 1.890240e-04 9.980870e-05 5.205803e-05 1.862024e-05
7.000000e+00 6.365274e-04 8.553507e-04 7.396693e-04 3.939773e-04 5.397042e-04 6.653719e-04 5.564231e-04 6.198114e-04 5.692460e-04 3.801387e-04 5.546107e-04 3.526748e-04 3.707892e-04 4.024993e-04 5.028963e-04 4.890684e-04 4.933567e-04 4.119073e-04 3.007471e-04 2.540126e-04 3.207647e-04 2.752499e-04 3.601138e-04 3.032411e-04 2.560776e-04 2.075442e-04 2.295481e-04 2.102239e-04 9.333408e-05 2.355759e-04 2.613696e-04 8.346375e-05 1.412059e-04 1.389551e-04 1.223291e-04 2.033678e-04 1.426475e-04 1.788482e-04 2.654582e-04 2.199615e-04 1.964952e-04 8.323068e-05 9.731571e-05 1.074064e-04 1.231470e-04 7.862501e-05 1.161170e-04 8.650220e-05
8.000000e+00 5.280150e-04 5.431493e-04 7.913772e-04 3.285907e-04 5.136195e-04 3.780582e-04 4.141458e-04 3.767830e-04 4.694748e-04 4.223051e-04 3.072363e-04 4.425921e-04 3.706793e-04 5.186434e-04 4.021679e-04 4.813478e-04 3.246226e-04 4.259307e-04 2.542063e-04 1.427756e-04 3.809040e-04 3.203999e-04 2.748338e-04 2.874957e-04 3.032411e-04 2.391609e-04 2.595695e-04 2.651629e-04 1.929418e-04 1.493624e-04 5.887894e-05 2.611228e-04 8.324315e-05 1.407007e-04 1.976597e-04 1.416889e-04 8.089470e-05 1.418296e-04 3.165058e-04 7.535369e-05 1.266808e-04 3.568306e-05 1.663285e-04 1.619722e-04 1.225565e-04 3.071489e-05 1.097833e-04 3.305730e-05
9.000000e+00 5.993766e-04 4.223164e-04 5.119057e-04 4.426668e-04 5.090814e-04 3.083670e-04 3.245817e-04 3.420034e-04 3.407583e-04 3.941515e-04 5.863920e-04 2.705481e-04 2.761414e-04 3.705831e-04 3.888025e-04 4.571951e-04 2.580883e-04 3.607894e-04 3.926724e-04 2.548623e-04 3.965107e-04 3.804873e-04 9.601229e-05 1.714354e-04 2.334812e-04 2.675800e-04 1.710103e-04 1.385545e-04 2.654491e-04 1.930942e-04 1.679700e-04 2.352987e-04 1.604235e-04 8.298927e-05 8.008008e-05 2.943601e-04 1.407460e-04 1.005773e-04 1.009224e-04 3.927113e-05 7.444631e-05 1.084246e-04 1.960749e-04 2.324616e-04 1.131587e-04 2.140018e-04 1.531323e-05 6.251563e-05
1.000000e+01 4.208122e-04 3.446054e-04 4.972875e-04 4.491667e-04 4.898166e-04 3.450372e-04 3.950736e-04 4.143024e-04 3.958686e-04 3.586029e-04 4.871925e-04 3.475843e-04 3.061519e-04 3.864983e-04 2.223046e-04 3.317667e-04 4.741224e-04 2.949853e-04 1.988143e-04 2.735744e-04 1.911498e-04 3.641661e-04 3.324047e-04 2.236565e-04 1.028401e-04 1.616263e-04 2.676898e-04 1.711889e-04 1.908066e-04 1.771354e-04 1.052428e-04 3.356581e-04 1.762322e-04 1.599009e-04 1.032311e-04 1.590015e-04 1.366654e-04 2.001922e-04 1.401458e-04 2.004731e-04 7.762619e-05 1.299738e-04 1.082622e-04 1.777999e-04 1.490535e-04 9.680854e-05 1.372014e-04 1.526764e-04
1.100000e+01 3.862060e-04 3.755897e-04 5.240541e-04 3.611956e-04 3.097030e-04 2.055109e-04 2.798722e-04 3.433182e-04 4.142278e-04 5.037149e-04 3.402457e-04 3.927142e-04 2.375384e-04 3.236828e-04 3.861004e-04 4.240413e-04 2.568854e-04 2.843225e-04 3.138964e-04 3.617880e-04 1.709080e-04 2.545501e-04 2.687577e-04 2.211760e-04 2.236100e-04 1.028366e-04 1.616495e-04 8.931442e-05 2.056097e-04 2.776091e-04 1.770507e-04 2.629088e-04 2.420090e-04 1.951029e-04 1.194815e-04 1.640555e-04 9.888654e-05 9.711378e-05 1.796120e-04 1.392204e-04 1.188966e-04 1.162228e-04 9.269731e-05 8.998632e-05 1.773836e-04 1.322008e-04 1.286525e-04 9.110234e-05
1.200000e+01 5.270555e-04 4.826643e-04 4.805310e-04 4.488733e-04 3.911245e-04 2.942543e-04 3.326100e-04 2.797295e-04 3.604965e-04 3.782148e-04 3.234036e-04 3.037559e-04 3.173418e-04 2.192141e-04 4.312901e-04 1.647718e-04 4.775637e-04 2.751688e-04 3.224460e-04 2.403446e-04 3.614937e-04 2.559945e-04 2.062444e-04 2.525651e-04 2.210643e-04 2.556156e-04 1.886081e-04 1.616815e-04 1.965901e-04 1.713914e-04 1.387131e-04 1.414978e-04 1.924423e-04 2.043053e-04 1.748693e-04 1.188001e-04 8.166098e-05 1.181195e-04 1.934872e-04 9.918667e-05 1.573812e-04 3.957418e-05 9.670806e-05 1.664109e-04 1.793819e-04 1.239004e-04 4.936809e-05 1.602128e-04
1.300000e+01 6.266424e-04 4.394136e-04 5.627733e-04 3.602522e-04 4.189171e-04 4.662986e-04 4.195869e-04 3.798791e-04 3.126646e-04 3.604098e-04 3.597769e-04 3.586865e-04 3.390012e-04 4.663309e-04 2.009243e-04 3.580315e-04 3.280182e-04 2.754366e-04 2.570930e-04 3.416792e-04 2.401803e-04 2.887253e-04 1.874191e-04 4.274451e-04 2.682361e-04 2.367051e-04 2.397162e-04 1.371742e-04 1.797139e-04 1.787374e-04 2.056168e-04 2.251277e-04 1.765506e-04 2.095118e-04 2.037565e-04 2.126138e-04 1.772910e-04 2.236954e-04 1.569643e-04 9.618899e-05 2.160803e-04 1.374705e-04 7.906701e-05 1.543805e-04 2.214022e-04 1.610450e-04 1.587134e-04 6.552758e-05
1.400000e+01 4.417054e-04 4.243710e-04 6.500922e-04 4.339022e-04 4.200546e-04 5.535276e-04 4.229160e-04 4.506324e-04 4.113729e-04 5.098600e-04 4.112688e-04 3.770807e-04 3.760745e-04 3.566843e-04 2.793868e-04 4.545372e-04 3.564236e-04 3.825973e-04 4.225533e-04 4.409414e-04 5.121202e-04 5.532197e-04 2.522750e-04 3.231787e-04 2.375034e-04 3.470141e-04 3.627989e-04 1.438573e-04 1.715531e-04 2.336701e-04 2.320724e-04 3.936334e-04 2.938330e-04 3.694516e-04 2.437538e-04 1.657428e-04 1.348228e-04 1.374732e-04 2.024947e-04 1.756680e-04 1.714253e-04 1.961515e-04 1.569089e-04 1.380262e-04 2.501299e-04 2.024291e-04 1.248061e-04 1.931044e-04
1.500000e+01 7.902344e-04 8.404774e-04 6.461122e-04 6.141859e-04 7.546443e-04 5.699373e-04 6.121961e-04 7.090273e-04 6.210987e-04 7.116087e-04 4.599665e-04 4.957434e-04 4.300998e-04 6.263534e-04 8.730201e-04 7.416059e-04 8.852275e-04 6.763371e-04 8.565232e-04 3.862779e-04 5.139878e-04 5.496797e-04 5.526287e-04 4.857426e-04 7.478415e-04 3.322995e-04 4.099524e-04 3.943404e-04 4.791720e-04 4.458009e-04 3.770130e-04 4.811205e-04 4.269271e-04 3.789902e-04 4.383427e-04 3.464943e-04 3.118122e-04 2.877532e-04 3.522574e-04 2.014992e-04 1.933974e-04 2.281239e-04 2.939447e-04 4.298722e-04 2.162587e-04 2.876153e-04 3.116464e-04 2.840001e-04
1.600000e+01 8.222617e-04 9.549314e-04 9.236712e-04 1.107286e-03 9.292540e-04 8.667319e-04 7.950914e-04 6.414751e-04 6.332645e-04 9.768653e-04 8.520576e-04 7.859704e-04 6.479003e-04 8.048074e-04 8.747657e-04 9.210876e-04 6.819899e-04 7.216830e-04 6.767707e-04 7.660320e-04 7.351995e-04 7.328826e-04 4.921632e-04 4.965426e-04 5.928747e-04 5.607096e-04 4.428698e-04 4.256057e-04 4.416125e-04 4.153487e-04 4.453885e-04 4.304856e-04 6.050683e-04 6.134133e-04 3.264044e-04 4.184611e-04 5.003796e-04 2.924565e-04 3.248739e-04 3.894233e-04 2.995267e-04 4.630880e-04 1.519410e-04 4.887968e-04 1.754010e-04 3.136763e-04 2.289902e-04 3.284552e-04
1.700000e+01 1.121755e-03 1.229508e-03 9.527163e-04 1.107883e-03 1.005126e-03 1.103521e-03 8.826125e-04 7.939480e-04 8.937349e-04 7.372967e-04 7.885216e-04 9.103751e-04 5.708507e-04 6.973263e-04 8.919015e-04 6.896796e-04 9.479006e-04 1.177683e-03 6.498078e-04 8.014248e-04 9.828725e-04 8.070729e-04 8.593736e-04 7.737309e-04 6.791608e-04 7.354920e-04 7.126012e-04 5.215742e-04 4.098684e-04 4.257265e-04 6.065346e-04 6.160059e-04 4.838363e-04 6.394657e-04 4.415761e-04 4.445356e-04 6.776009e-04 6.016951e-04 3.274335e-04 1.710279e-04 5.208434e-04 3.188521e-04 2.119910e-04 5.682679e-04 4.091095e-04 3.686958e-04 3.709488e-04 2.278294e-04
1.800000e+01 1.057690e-03 1.160015e-03 1.203085e-03 9.051449e-04 1.229013e-03 1.121772e-03 1.204104e-03 1.054599e-03 1.165170e-03 1.291913e-03 1.285366e-03 1.208672e-03 1.184317e-03 1.022495e-03 7.946035e-04 1.087109e-03 1.146749e-03 1.242366e-03 1.193624e-03 1.170939e-03 1.099681e-03 8.336505e-04 8.572262e-04 1.309567e-03 9.025780e-04 7.492279e-04 9.998929e-04 8.299317e-04 1.088672e-03 9.605089e-04 8.813346e-04 8.125677e-04 7.338761e-04 5.893489e-04 1.165481e-03 7.419649e-04 7.820336e-04 4.503178e-04 6.324894e-04 7.046070e-04 6.024890e-04 3.848967e-04 3.976143e-04 6.918952e-04 4.723130e-04 6.802457e-04 3.864734e-04 4.855406e-04
1.900000e+01 1.256281e-03 1.142126e-03 1.244306e-03 1.428145e-03 1.066339e-03 9.774561e-04 1.094963e-03 1.231570e-03 1.481151e-03 1.354409e-03 1.179124e-03 1.151156e-03 8.189760e-04 1.272383e-03 1.209697e-03 1.228032e-03 1.238262e-03 1.026087e-03 1.084580e-03 1.064025e-03 1.057537e-03 1.056952e-03 9.716424e-04 1.123677e-03 1.068337e-03 8.958734e-04 8.171270e-04 8.550053e-04 8.959816e-04 8.036685e-04 6.909005e-04 7.378915e-04 9.991119e-04 9.351674e-04 1.223426e-03 1.171226e-03 8.545720e-04 5.761247e-04 6.903455e-04 5.953596e-04 5.727787e-04 4.131921e-04 4.226380e-04 5.150759e-04 5.764686e-04 7.159815e-04 6.974446e-04 7.313036e-04
2.000000e+01 1.112939e-03 1.249735e-03 1.431525e-03 9.061775e-04 1.107184e-03 1.127003e-03 1.224168e-03 1.343927e-03 1.176776e-03 1.205546e-03 1.301621e-03 1.196731e-03 9.980186e-04 1.286417e-03 1.176963e-03 1.146351e-03 1.116878e-03 1.072850e-03 1.152013e-03 1.051727e-03 1.369313e-03 1.141105e-03 9.982487e-04 1.108271e-03 9.383572e-04 9.532888e-04 1.168701e-03 8.882122e-04 8.362989e-04 1.063471e-03 9.575687e-04 8.910705e-04 1.015895e-03 1.089583e-03 8.948168e-04 8.066072e-04 8.170503e-04 7.856904e-04 5.063548e-04 4.974954e-04 8.106602e-04 6.428571e-04 5.813844e-04 5.749109e-04 7.126173e-04 8.824771e-04 8.076331e-04 7.332227e-04
2.100000e+01 1.374454e-03 1.169088e-03 9.554660e-04 1.143729e-03 1.229040e-03 1.103167e-03 1.036438e-03 1.043115e-03 1.230132e-03 1.218319e-03 9.694468e-04 1.232867e-03 9.801519e-04 9.323466e-04 7.937697e-04 1.034948e-03 1.152888e-03 1.172123e-03 1.312041e-03 1.235879e-03 1.234718e-03 1.175896e-03 1.075629e-03 1.230737e-03 1.080890e-03 8.930804e-04 8.552339e-04 9.981516e-04 7.964378e-04 7.990624e-04 9.402283e-04 9.056415e-04 1.071845e-03 8.856570e-04 8.295638e-04 8.474858e-04 6.439598e-04 9.517876e-04 7.331745e-04 5.032375e-04 6.641350e-04 5.058766e-04 7.666387e-04 6.184292e-04 7.467545e-04 7.312976e-04 1.012513e-03 6.172840e-04
2.200000e+01 1.148580e-03 1.046722e-03 1.176083e-03 1.055579e-03 1.315496e-03 1.247838e-03 1.010654e-03 1.243407e-03 1.440951e-03 1.218404e-03 1.184734e-03 1.074856e-03 1.217172e-03 1.105432e-03 1.026353e-03 1.077837e-03 1.197675e-03 1.014370e-03 1.059477e-03 9.332227e-04 1.382719e-03 1.069076e-03 1.161170e-03 1.256676e-03 9.293840e-04 8.066637e-04 1.043804e-03 6.927053e-04 9.972115e-04 9.029345e-04 1.023632e-03 1.333867e-03 8.836798e-04 8.027912e-04 6.923290e-04 8.467270e-04 6.420176e-04 4.847310e-04 8.445655e-04 7.118734e-04 4.988195e-04 5.778186e-04 6.903519e-04 6.592075e-04 5.988584e-04 8.208927e-04 8.250177e-04 1.064133e-03
2.300000e+01 1.173259e-03 1.245979e-03 1.198196e-03 1.073713e-03 1.345864e-03 1.135883e-03 9.565633e-04 1.019856e-03 1.096098e-03 1.148036e-03 1.139731e-03 1.211779e-03 1.045787e-03 1.114270e-03 1.200497e-03 9.740810e-04 1.067008e-03 1.168770e-03 1.095459e-03 1.077533e-03 1.184224e-03 1.131377e-03 1.346170e-03 9.888402e-04 1.107822e-03 1.124380e-03 9.913388e-04 7.766716e-04 1.187880e-03 1.233590e-03 9.335057e-04 9.108425e-04 9.603921e-04 9.848881e-04 9.171647e-04 7.412226e-04 9.310419e-04 7.849807e-04 8.258775e-04 8.883422e-04 6.234312e-04 6.621530e-04 7.111171e-04 6.216920e-04 6.751115e-04 6.895652e-04 7.768830e-04 8.764242e-04
2.400000e+01 1.277364e-03 1.136617e-03 1.009693e-03 1.116565e-03 1.326569e-03 7.985763e-04 9.751773e-04 1.075246e-03 1.034790e-03 1.267377e-03 9.928712e-04 1.168029e-03 1.144576e-03 1.255844e-03 1.098666e-03 1.152527e-03 1.120100e-03 1.212052e-03 1.101823e-03 9.289651e-04 1.201845e-03 1.090680e-03 8.140284e-04 1.062861e-03 1.277765e-03 1.168787e-03 9.304529e-04 7.808298e-04 9.872190e-04 9.561922e-04 7.878632e-04 9.272303e-04 7.638756e-04 1.066483e-03 7.612667e-04 9.914674e-04 8.231931e-04 6.372326e-04 7.154937e-04 7.503539e-04 7.277281e-04 5.061638e-04 7.090327e-04 6.243988e-04 5.864906e-04 6.717698e-04 6.643292e-04 7.125445e-04
2.500000e+01 1.279873e-03 1.198727e-03 1.567813e-03 9.354745e-04 9.060707e-04 9.785648e-04 1.364567e-03 1.054991e-03 1.112752e-03 9.882644e-04 1.095955e-03 9.139701e-04 1.060426e-03 9.631710e-04 1.194292e-03 7.465840e-04 1.273268e-03 1.123097e-03 8.619451e-04 1.047476e-03 9.718923e-04 1.081884e-03 1.199405e-03 1.142358e-03 9.055085e-04 1.233989e-03 9.925049e-04 1.132828e-03 1.059138e-03 1.109331e-03 1.109819e-03 1.037118e-03 9.377212e-04 9.626624e-04 9.738679e-04 7.043837e-04 7.870859e-04 8.025563e-04 6.186905e-04 5.809263e-04 6.582167e-04 6.910384e-04 7.809958e-04 7.234700e-04 7.395207e-04 7.499625e-04 6.834072e-04 7.675158e-04
2.600000e+01 1.246725e-03 9.642145e-04 1.169945e-03 1.207756e-03 1.024294e-03 1.163900e-03 1.066197e-03 1.040371e-03 9.636443e-04 1.213799e-03 1.180061e-03 9.422715e-04 1.093001e-03 1.060736e-03 1.192538e-03 1.314532e-03 9.337589e-04 1.192226e-03 1.034820e-03 1.009999e-03 1.311311e-03 1.197384e-03 9.930328e-04 1.106937e-03 1.202244e-03 1.350068e-03 8.489258e-04 9.069752e-04 1.199183e-03 1.163902e-03 8.424008e-04 9.994389e-04 1.173158e-03 9.126810e-04 1.021103e-03 1.182373e-03 8.295928e-04 7.081840e-04 6.952560e-04 8.393034e-04 4.635402e-04 6.892957e-04 5.884034e-04 6.334357e-04 5.739399e-04 9.538791e-04 5.957207e-04 6.594818e-04
2.700000e+01 1.100459e-03 1.239522e-03 9.812259e-04 1.033325e-03 1.274473e-03 8.705940e-04 1.093659e-03 9.453103e-04 9.025882e-04 7.866789e-04 1.097046e-03 9.603457e-04 1.519815e-03 1.553242e-03 1.154036e-03 1.213553e-03 1.124028e-03 9.354798e-04 1.047808e-03 1.041696e-03 1.125362e-03 1.189986e-03 1.251985e-03 1.287533e-03 1.384787e-03 1.064219e-03 9.649940e-04 1.143550e-03 9.754929e-04 1.097584e-03 9.527109e-04 1.065521e-03 1.134202e-03 1.218180e-03 1.147447e-03 9.882250e-04 1.217988e-03 9.280811e-04 8.659025e-04 8.816787e-04 5.944243e-04 7.165719e-04 6.704885e-04 6.714226e-04 6.318245e-04 4.577033e-04 8.313796e-04 6.239020e-04
2.800000e+01 9.425457e-04 1.261670e-03 1.151133e-03 1.106003e-03 9.904401e-04 1.300046e-03 8.487068e-04 9.967085e-04 1.311098e-03 1.395297e-03 1.063114e-03 1.020472e-03 1.365444e-03 1.292849e-03 1.192537e-03 1.265960e-03 1.091248e-03 1.260791e-03 1.251688e-03 1.039881e-03 1.027662e-03 1.094029e-03 1.331246e-03 1.185500e-03 9.510977e-04 1.214178e-03 1.112661e-03 1.148603e-03 1.092574e-03 9.939506e-04 6.241565e-04 1.104515e-03 1.200459e-03 9.550767e-04 1.010459e-03 8.570890e-04 8.623692e-04 1.037638e-03 7.488987e-04 8.317647e-04 7.740503e-04 8.303800e-04 4.928615e-04 6.185946e-04 7.859006e-04 8.713191e-04 5.692538e-04 5.451662e-04
2.900000e+01 1.196336e-03 1.550135e-03 1.383068e-03 1.228834e-03 1.517155e-03 1.314939e-03 1.193634e-03 1.424343e-03 1.343619e-03 1.355263e-03 1.318760e-03 1.243008e-03 1.279195e-03 1.446089e-03 1.446765e-03 1.373993e-03 1.148559e-03 1.318858e-03 1.092013e-03 1.003193e-03 1.138200e-03 1.181053e-03 1.307096e-03 1.282556e-03 1.183486e-03 1.264282e-03 1.180245e-03 1.098206e-03 9.672148e-04 9.891197e-04 1.077531e-03 8.416517e-04 1.032773e-03 1.004329e-03 1.119937e-03 1.170715e-03 1.172413e-03 8.413759e-04 9.080235e-04 8.025565e-04 8.107013e-04 7.299803e-04 6.669829e-04 5.404460e-04 7.833986e-04 6.339885e-04 6.257421e-04 4.684068e-04
3.000000e+01 1.194467e-03 1.561829e-03 1.588692e-03 1.273779e-03 1.105433e-03 1.064662e-03 1.166030e-03 1.080986e-03 1.291184e-03 1.018306e-03 1.258178e-03 1.127645e-03 1.401899e-03 1.631490e-03 1.410241e-03 1.472615e-03 1.324980e-03 1.387387e-03 1.280368e-03 1.370606e-03 1.272804e-03 1.207577e-03 1.290449e-03 1.174028e-03 1.354540e-03 1.152703e-03 1.200746e-03 1.133466e-03 1.248751e-03 1.401285e-03 1.196131e-03 9.903526e-04 1.259721e-03 9.772992e-04 1.169209e-03 9.207789e-04 1.108686e-03 1.031992e-03 7.562058e-04 9.650707e-04 1.072075e-03 6.511264e-04 6.715525e-04 6.220840e-04 6.661697e-04 6.819240e-04 6.302660e-04 7.808765e-04
3.100000e+01 1.267120e-03 1.421246e-03 1.483216e-03 1.402211e-03 1.442006e-03 1.274125e-03 1.261665e-03 1.164094e-03 1.322839e-03 9.351621e-04 1.404624e-03 1.360390e-03 1.470588e-03 1.339030e-03 1.180222e-03 1.558862e-03 1.219558e-03 1.082395e-03 1.619654e-03 1.288450e-03 1.206782e-03 1.272606e-03 1.375014e-03 1.344971e-03 1.359940e-03 1.296771e-03 1.230610e-03 9.987793e-04 1.102794e-03 1.117486e-03 1.052544e-03 8.486465e-04 1.005659e-03 1.389098e-03 1.090587e-03 1.107024e-03 1.184433e-03 8.278860e-04 1.012129e-03 9.810334e-04 1.020345e-03 8.112297e-04 6.950981e-04 6.133088e-04 7.396669e-04 6.172742e-04 8.607704e-04 8.076612e-04
3.200000e+01 1.106807e-03 1.876242e-03 1.440120e-03 1.012875e-03 1.443265e-03 1.257203e-03 1.297587e-03 8.920801e-04 8.414421e-04 1.431970e-03 1.352760e-03 1.280790e-03 1.306659e-03 1.647591e-03 1.514990e-03 1.296510e-03 1.235149e-03 1.525970e-03 1.512049e-03 1.486620e-03 1.470276e-03 1.447527e-03 1.372305e-03 1.443608e-03 1.163443e-03 1.289509e-03 1.066114e-03 1.128049e-03 1.143474e-03 9.714755e-04 1.217986e-03 1.119241e-03 1.384538e-03 1.240779e-03 1.399347e-03 1.029449e-03 1.066495e-03 9.617494e-04 9.971290e-04 9.740860e-04 8.273982e-04 9.584763e-04 7.536778e-04 7.239557e-04 7.140463e-04 8.576076e-04 5.520418e-04 7.569898e-04
3.300000e+01 1.480523e-03 1.528292e-03 1.670937e-03 1.341587e-03 1.168975e-03 1.507251e-03 1.576326e-03 1.610037e-03 1.435813e-03 1.208146e-03 1.186839e-03 1.407955e-03 1.501297e-03 1.758143e-03 1.518586e-03 1.336785e-03 1.371658e-03 1.612301e-03 1.367054e-03 1.579931e-03 1.546990e-03 1.373020e-03 1.100657e-03 1.343307e-03 1.500807e-03 1.220487e-03 1.392838e-03 1.201395e-03 9.786831e-04 1.225217e-03 1.089580e-03 1.302431e-03 1.068572e-03 1.398360e-03 1.288136e-03 1.059217e-03 1.175621e-03 1.180817e-03 9.772042e-04 1.008444e-03 8.005470e-04 9.891838e-04 8.816433e-04 9.566743e-04 7.669045e-04 7.125407e-04 9.589708e-04 6.597653e-04
3.400000e+01 1.760731e-03 1.428231e-03 1.399091e-03 1.520518e-03 1.458034e-03 1.522486e-03 1.571397e-03 1.282725e-03 1.318957e-03 1.696796e-03 1.721096e-03 1.357387e-03 1.771654e-03 1.708623e-03 1.648451e-03 1.488193e-03 1.833973e-03 1.624111e-03 1.328337e-03 1.969935e-03 1.391224e-03 1.493005e-03 1.587847e-03 1.732136e-03 1.500545e-03 1.532664e-03 1.125445e-03 1.498171e-03 1.043473e-03 1.196099e-03 1.338752e-03 1.492362e-03 1.304173e-03 1.432808e-03 1.152986e-03 1.229847e-03 1.103317e-03 1.121639e-03 1.278579e-03 1.106566e-03 1.120353e-03 1.017752e-03 9.736308e-04 1.036686e-03 9.132288e-04 8.536374e-04 8.414578e-04 6.621640e-04
3.500000e+01 1.916076e-03 1.601294e-03 1.834613e-03 1.305675e-03 1.762033e-03 1.557513e-03 1.330906e-03 1.531362e-03 1.326483e-03 1.528956e-03 1.759187e-03 1.626364e-03 1.766207e-03 1.796276e-03 1.484289e-03 1.595757e-03 1.546504e-03 1.778154e-03 1.637306e-03 1.755086e-03 1.228313e-03 1.644387e-03 1.882961e-03 1.964379e-03 1.870936e-03 1.828128e-03 1.396727e-03 1.650072e-03 1.589205e-03 1.385777e-03 1.182451e-03 1.261115e-03 1.275960e-03 1.704061e-03 1.329964e-03 1.078915e-03 1.410153e-03 1.379401e-03 1.304348e-03 1.039954e-03 1.031820e-03 9.348336e-04 1.519503e-03 1.006444e-03 8.671012e-04 9.132685e-04 7.365791e-04 6.802623e-04
3.600000e+01 1.630195e-03 1.647383e-03 1.411399e-03 1.835361e-03 1.581551e-03 1.711373e-03 1.561024e-03 1.684722e-03 1.552890e-03 1.832119e-03 1.778391e-03 1.796576e-03 1.557666e-03 1.942680e-03 1.671211e-03 1.682086e-03 2.057475e-03 1.638807e-03 1.706230e-03 1.356201e-03 2.096478e-03 2.015239e-03 1.530859e-03 1.793009e-03 1.819970e-03 1.723669e-03 1.406350e-03 1.641107e-03 1.556376e-03 1.593764e-03 1.373200e-03 1.552509e-03 1.438596e-03 1.426534e-03 1.417896e-03 1.273949e-03 1.262109e-03 1.272329e-03 1.509682e-03 1.251126e-03 9.818279e-04 1.067200e-03 1.140697e-03 1.154039e-03 1.266851e-03 9.290514e-04 1.099394e-03 8.648150e-04
3.700000e+01 1.785949e-03 1.649753e-03 1.992986e-03 1.506573e-03 1.327276e-03 1.749153e-03 1.901282e-03 1.428241e-03 1.783894e-03 1.942343e-03 1.557141e-03 1.730392e-03 1.814882e-03 2.051545e-03 1.859387e-03 1.775070e-03 1.880807e-03 1.839101e-03 1.825379e-03 1.610029e-03 1.902333e-03 1.760704e-03 2.170948e-03 1.725810e-03 1.964382e-03 1.774448e-03 1.803550e-03 1.750715e-03 1.404554e-03 1.532632e-03 1.322098e-03 1.612092e-03 1.247920e-03 1.406335e-03 1.541374e-03 1.346992e-03 1.551411e-03 1.327931e-03 1.473050e-03 1.439932e-03 1.343395e-03 1.235042e-03 1.069144e-03 1.039714e-03 9.215046e-04 9.429668e-04 9.901296e-04 9.096816e-04
3.800000e+01 2.134935e-03 2.162020e-03 1.920418e-03 2.088483e-03 1.602818e-03 1.670132e-03 1.975737e-03 1.829485e-03 1.855252e-03 1.962901e-03 2.248247e-03 2.119711e-03 1.979744e-03 2.119973e-03 2.161491e-03 1.723198e-03 2.051775e-03 1.931467e-03 2.031740e-03 2.057613e-03 2.343935e-03 2.217202e-03 1.903045e-03 1.942569e-03 2.194899e-03 1.949643e-03 1.813027e-03 1.990791e-03 1.385596e-03 1.635032e-03 1.876066e-03 1.788467e-03 1.660489e-03 1.771384e-03 1.691103e-03 1.886383e-03 1.410507e-03 1.368914e-03 1.650670e-03 1.937434e-03 1.270752e-03 1.511477e-03 1.271881e-03 1.271903e-03 1.245457e-03 1.223867e-03 1.233406e-03 9.418813e-04
3.900000e+01 2.166065e-03 2.288070e-03 2.051070e-03 2.303219e-03 2.072022e-03 1.670139e-03 1.624126e-03 1.866016e-03 1.925306e-03 1.916154e-03 2.412806e-03 1.982059e-03 2.286170e-03 2.130415e-03 1.909142e-03 1.812483e-03 2.217054e-03 1.883115e-03 2.172670e-03 2.155515e-03 2.394095e-03 2.110568e-03 2.534403e-03 1.744781e-03 2.120564e-03 1.810113e-03 2.102443e-03 1.801147e-03 1.570026e-03 1.846656e-03 1.694988e-03 1.866735e-03 1.705713e-03 1.543301e-03 1.986143e-03 1.257721e-03 1.534356e-03 1.609825e-03 1.205118e-03 1.664996e-03 1.481827e-03 1.290491e-03 1.298788e-03 1.274056e-03 1.407059e-03 1.024993e-03 1.456603e-03 1.248541e-03
4.000000e+01 2.026361e-03 2.301912e-03 2.100880e-03 1.752171e-03 1.884688e-03 2.767368e-03 1.837560e-03 1.935661e-03 2.036094e-03 2.358844e-03 2.226654e-03 2.254814e-03 2.390487e-03 2.165594e-03 2.448467e-03 2.314815e-03 2.273838e-03 2.441470e-03 2.488329e-03 2.643374e-03 2.637922e-03 2.532658e-03 2.178367e-03 2.349930e-03 2.229632e-03 2.472379e-03 2.147599e-03 2.090957e-03 2.466479e-03 2.016838e-03 2.094541e-03 1.868812e-03 1.870200e-03 1.883184e-03 1.883491e-03 1.661794e-03 1.859415e-03 1.551552e-03 1.677518e-03 1.943859e-03 1.659049e-03 1.468625e-03 1.359207e-03 1.417966e-03 1.461252e-03 1.141629e-03 1.280738e-03 1.372178e-03
4.100000e+01 2.418511e-03 2.319677e-03 2.380590e-03 2.273459e-03 1.962523e-03 2.100193e-03 2.622647e-03 2.336897e-03 2.110646e-03 2.095192e-03 2.322532e-03 2.457763e-03 2.647318e-03 1.987013e-03 2.361375e-03 2.611130e-03 2.828213e-03 2.515723e-03 2.522372e-03 2.657866e-03 2.902423e-03 2.417497e-03 2.825487e-03 2.224718e-03 2.691450e-03 2.156302e-03 2.537285e-03 2.370690e-03 2.227630e-03 2.042646e-03 2.036223e-03 2.113223e-03 1.644854e-03 2.229017e-03 2.000029e-03 1.896718e-03 1.814296e-03 1.701925e-03 1.803878e-03 1.908967e-03 1.808289e-03 1.408427e-03 1.689020e-03 1.214289e-03 1.520061e-03 1.447154e-03 1.526077e-03 1.294851e-03
4.200000e+01 2.465474e-03 2.764028e-03 2.286613e-03 2.516251e-03 2.371917e-03 2.345553e-03 2.129513e-03 2.588722e-03 1.957481e-03 2.320385e-03 2.245190e-03 2.097575e-03 3.058578e-03 2.339112e-03 2.809565e-03 2.738053e-03 3.190558e-03 2.426606e-03 2.702819e-03 2.929903e-03 2.690025e-03 2.907580e-03 3.267526e-03 3.031924e-03 2.791422e-03 3.076729e-03 2.830456e-03 2.583528e-03 2.497345e-03 2.665365e-03 2.446331e-03 2.134455e-03 2.060786e-03 2.262281e-03 2.044522e-03 1.984098e-03 1.926440e-03 1.862914e-03 2.133894e-03 2.056891e-03 2.168336e-03 1.895000e-03 1.667149e-03 1.643275e-03 1.937253e-03 1.221676e-03 1.531342e-03 1.609361e-03
4.300000e+01 2.696881e-03 2.612040e-03 2.697565e-03 2.692110e-03 2.388140e-03 2.510651e-03 2.392390e-03 2.963795e-03 2.865718e-03 2.651156e-03 2.699403e-03 2.950345e-03 3.184534e-03 3.186075e-03 2.777067e-03 2.623166e-03 3.028901e-03 2.867969e-03 3.506250e-03 2.781371e-03 3.159453e-03 3.004340e-03 3.764695e-03 3.321726e-03 2.683363e-03 3.039646e-03 2.413158e-03 2.659359e-03 2.573350e-03 2.643989e-03 2.466811e-03 2.385082e-03 2.386745e-03 2.280996e-03 2.436019e-03 2.485750e-03 2.174770e-03 2.284460e-03 2.067582e-03 2.023163e-03 2.272158e-03 1.993720e-03 1.717844e-03 1.960851e-03 1.813450e-03 1.645386e-03 1.589745e-03 1.582811e-03
4.400000e+01 3.093287e-03 3.608799e-03 3.440984e-03 2.917724e-03 2.772066e-03 3.329188e-03 2.673644e-03 3.022469e-03 2.585185e-03 3.104566e-03 2.639372e-03 3.200716e-03 2.733561e-03 2.387263e-03 3.020383e-03 3.189290e-03 3.357216e-03 3.632294e-03 3.030048e-03 3.416557e-03 3.201800e-03 3.231876e-03 3.388924e-03 3.797351e-03 3.267222e-03 3.115474e-03 3.158697e-03 2.865694e-03 2.707379e-03 2.815469e-03 2.473925e-03 2.774318e-03 2.624277e-03 2.760471e-03 2.283468e-03 2.322514e-03 2.631842e-03 2.208151e-03 2.067652e-03 2.099478e-03 1.988641e-03 2.111826e-03 2.181661e-03 1.673626e-03 1.844924e-03 2.152490e-03 1.924754e-03 1.840357e-03
4.500000e+01 3.322378e-03 3.514747e-03 3.511262e-03 2.875164e-03 3.358934e-03 3.148707e-03 3.056399e-03 3.290984e-03 3.543870e-03 3.602586e-03 3.595375e-03 2.835097e-03 3.102325e-03 3.428295e-03 3.503683e-03 3.660864e-03 3.172476e-03 3.721600e-03 3.397821e-03 3.129560e-03 4.107363e-03 3.471243e-03 3.375003e-03 3.554185e-03 3.487723e-03 3.827001e-03 3.487221e-03 3.649635e-03 2.771737e-03 2.798374e-03 2.902871e-03 3.113226e-03 2.765309e-03 2.580775e-03 3.163092e-03 2.747173e-03 2.985075e-03 2.609431e-03 2.507736e-03 2.501712e-03 2.437858e-03 2.216906e-03 2.100311e-03 2.153661e-03 2.108059e-03 2.053950e-03 1.851447e-03 1.992852e-03
4.600000e+01 3.494952e-03 4.114932e-03 3.904760e-03 3.283294e-03 3.727513e-03 3.100436e-03 3.406146e-03 3.333526e-03 3.627500e-03 3.269974e-03 3.300975e-03 3.817463e-03 3.614477e-03 3.869274e-03 3.945695e-03 3.283948e-03 3.297111e-03 4.288453e-03 3.786938e-03 4.286171e-03 3.733718e-03 4.166759e-03 4.567203e-03 3.498607e-03 3.767830e-03 4.012785e-03 3.798319e-03 3.481878e-03 3.707279e-03 3.144116e-03 3.358316e-03 3.970828e-03 3.325435e-03 3.452855e-03 2.836094e-03 2.965755e-03 2.996873e-03 2.878485e-03 2.633207e-03 2.542174e-03 2.265951e-03 2.276000e-03 2.319184e-03 2.474956e-03 2.042969e-03 2.030558e-03 2.603230e-03 1.902741e-03
4.700000e+01 3.877221e-03 4.038084e-03 3.826599e-03 3.316024e-03 3.729365e-03 3.829687e-03 3.592573e-03 4.081784e-03 3.229050e-03 3.793057e-03 3.678936e-03 3.739086e-03 4.818572e-03 4.132968e-03 4.007634e-03 4.103198e-03 4.795348e-03 4.071964e-03 4.195665e-03 4.344934e-03 4.563666e-03 4.359013e-03 4.318650e-03 3.907529e-03 4.424087e-03 4.704029e-03 4.196558e-03 3.818038e-03 3.631824e-03 3.899795e-03 3.819497e-03 3.453450e-03 3.554011e-03 3.573068e-03 3.081137e-03 3.391538e-03 3.776388e-03 3.078487e-03 3.132760e-03 2.813082e-03 2.822948e-03 2.914145e-03 2.917941e-03 2.840955e-03 2.415663e-03 2.582636e-03 2.765054e-03 2.572855e-03
4.800000e+01 4.364610e-03 4.513598e-03 4.422394e-03 4.450450e-03 4.348303e-03 4.479366e-03 4.030574e-03 4.081332e-03 4.432938e-03 4.381798e-03 4.268552e-03 4.801137e-03 4.598153e-03 5.439142e-03 4.427660e-03 4.277666e-03 4.915388e-03 4.728985e-03 4.469912e-03 4.496942e-03 4.386606e-03 4.346797e-03 3.928854e-03 5.131623e-03 4.579517e-03 4.086306e-03 4.163744e-03 4.284974e-03 3.832492e-03 4.078378e-03 3.937530e-03 4.047014e-03 4.374291e-03 3.566546e-03 3.102482e-03 4.092432e-03 3.399987e-03 3.247813e-03 3.117579e-03 2.969207e-03 3.278262e-03 2.760392e-03 2.385811e-03 2.385109e-03 2.931701e-03 3.134265e-03 3.025108e-03 2.137002e-03
4.900000e+01 5.584331e-03 4.769878e-03 5.197684e-03 4.624105e-03 5.135160e-03 4.956948e-03 4.431969e-03 4.591084e-03 4.851772e-03 4.806883e-03 4.223269e-03 5.322958e-03 4.880307e-03 4.578104e-03 5.622395e-03 4.864988e-03 5.053497e-03 5.767817e-03 4.874412e-03 5.482326e-03 5.480717e-03 4.971159e-03 5.420698e-03 5.032659e-03 5.756102e-03 5.327346e-03 4.847911e-03 4.975577e-03 4.685282e-03 4.341296e-03 4.414456e-03 4.041211e-03 4.533875e-03 4.431835e-03 3.772985e-03 3.544679e-03 3.742601e-03 3.815441e-03 3.353506e-03 3.521796e-03 3.655299e-03 3.234134e-03 3.256268e-03 2.575224e-03 3.171330e-03 3.071551e-03 2.819389e-03 2.746281e-03
5.000000e+01 5.110733e-03 5.285305e-03 6.343568e-03 5.432905e-03 5.186975e-03 4.727101e-03 5.218067e-03 5.945325e-03 4.923223e-03 4.801899e-03 5.402364e-03 5.098055e-03 4.843887e-03 4.943202e-03 4.757845e-03 6.015898e-03 5.467970e-03 5.535896e-03 5.413414e-03 5.628230e-03 5.432620e-03 5.812663e-03 5.835756e-03 5.901753e-03 5.812577e-03 6.036262e-03 5.135811e-03 4.895295e-03 4.865458e-03 5.180978e-03 5.070635e-03 4.709504e-03 4.771567e-03 3.993662e-03 4.322976e-03 3.682545e-03 3.775859e-03 4.138169e-03 4.187931e-03 3.818048e-03 3.753886e-03 4.004602e-03 3.335518e-03 3.357350e-03 3.384606e-03 2.853604e-03 3.368694e-03 3.079855e-03
5.100000e+01 5.955293e-03 6.282183e-03 6.130331e-03 5.617978e-03 5.420734e-03 5.756857e-03 6.103243e-03 5.301635e-03 5.293767e-03 5.755158e-03 5.434580e-03 5.541315e-03 5.769797e-03 6.191406e-03 6.519032e-03 6.081323e-03 6.967676e-03 5.353760e-03 5.748241e-03 6.782964e-03 5.895657e-03 6.393351e-03 6.715086e-03 5.868768e-03 5.824353e-03 5.842259e-03 6.296831e-03 6.120223e-03 5.377079e-03 5.258445e-03 5.918007e-03 5.432720e-03 5.698071e-03 5.214628e-03 4.769060e-03 4.524509e-03 4.530396e-03 4.252832e-03 4.479735e-03 4.357298e-03 4.391399e-03 3.930170e-03 3.877784e-03 3.570070e-03 3.401310e-03 3.910750e-03 3.065218e-03 3.684945e-03
5.200000e+01 7.148918e-03 7.161180e-03 6.853853e-03 6.657352e-03 6.376468e-03 6.629192e-03 6.443665e-03 6.047683e-03 5.944370e-03 6.736023e-03 6.743774e-03 6.676391e-03 6.518361e-03 6.779260e-03 6.053340e-03 6.727159e-03 6.591299e-03 8.082336e-03 6.235489e-03 6.454931e-03 6.350550e-03 6.276232e-03 6.734074e-03 6.475731e-03 7.787234e-03 6.849014e-03 7.073367e-03 6.335294e-03 6.961232e-03 5.778359e-03 5.427502e-03 5.618652e-03 5.434912e-03 5.911262e-03 5.506979e-03 5.418633e-03 5.463223e-03 5.288991e-03 4.735404e-03 5.079279e-03 4.952609e-03 4.396124e-03 4.168823e-03 3.881268e-03 3.982307e-03 3.891866e-03 3.772322e-03 3.780540e-03
5.300000e+01 7.213823e-03 7.553450e-03 7.463971e-03 6.938367e-03 7.276486e-03 6.810961e-03 6.783969e-03 7.566949e-03 6.567871e-03 7.006142e-03 7.902758e-03 7.396945e-03 7.469707e-03 6.388984e-03 7.116944e-03 7.089958e-03 7.141592e-03 6.877275e-03 8.426290e-03 6.950129e-03 7.383233e-03 7.647480e-03 7.525558e-03 7.524728e-03 7.238330e-03 6.863565e-03 7.314271e-03 6.343980e-03 6.985504e-03 6.163085e-03 5.766215e-03 6.220551e-03 6.709790e-03 5.846272e-03 5.474793e-03 5.999233e-03 5.271713e-03 5.198577e-03 5.439710e-03 4.982206e-03 5.387910e-03 5.610555e-03 5.620201e-03 4.696720e-03 4.617950e-03 4.189347e-03 4.504640e-03 4.029120e-03
5.400000e+01 8.356174e-03 8.298214e-03 8.747421e-03 7.284237e-03 7.482551e-03 7.514571e-03 8.006245e-03 7.922466e-03 8.057090e-03 7.372654e-03 7.913424e-03 7.809242e-03 8.380568e-03 7.711400e-03 7.671359e-03 7.661459e-03 7.449788e-03 8.237461e-03 8.100610e-03 9.682832e-03 8.006324e-03 7.995257e-03 7.743622e-03 8.167362e-03 8.149295e-03 7.851505e-03 7.705424e-03 7.191842e-03 7.378280e-03 7.420511e-03 7.491997e-03 6.706581e-03 7.310864e-03 7.551476e-03 7.006139e-03 5.847680e-03 5.873815e-03 5.848211e-03 6.236259e-03 5.487607e-03 5.337353e-03 5.745783e-03 5.613126e-03 5.735224e-03 5.152022e-03 5.022818e-03 4.768957e-03 4.554228e-03
5.500000e+01 1.018688e-02 9.767818e-03 8.410355e-03 8.166537e-03 8.677073e-03 8.299369e-03 8.858660e-03 9.417031e-03 8.932285e-03 8.715481e-03 8.385390e-03 7.995888e-03 8.305172e-03 8.743169e-03 8.177458e-03 8.047552e-03 8.649234e-03 9.025054e-03 9.030247e-03 8.676125e-03 1.002915e-02 8.529327e-03 9.267975e-03 8.941731e-03 9.163212e-03 8.729050e-03 8.583064e-03 8.417435e-03 7.964463e-03 7.859990e-03 8.056115e-03 7.871493e-03 7.448224e-03 7.408627e-03 6.975207e-03 7.260934e-03 7.402881e-03 6.837295e-03 6.723621e-03 6.358320e-03 6.000325e-03 5.775375e-03 6.404983e-03 5.954654e-03 5.994743e-03 5.063862e-03 4.985713e-03 5.424928e-03
5.600000e+01 1.069864e-02 1.074804e-02 1.051034e-02 9.388738e-03 9.276843e-03 1.049074e-02 9.818989e-03 9.418189e-03 9.098866e-03 9.726577e-03 9.580185e-03 8.497672e-03 1.003793e-02 9.294718e-03 9.270693e-03 9.514474e-03 9.824480e-03 9.831290e-03 9.755999e-03 9.158581e-03 9.325593e-03 1.198809e-02 9.251342e-03 9.737472e-03 9.796339e-03 8.834843e-03 9.306085e-03 9.728364e-03 8.471786e-03 9.647101e-03 8.731566e-03 8.081846e-03 8.395608e-03 8.761216e-03 8.471167e-03 8.460195e-03 8.232658e-03 7.880724e-03 7.025761e-03 7.338181e-03 6.880048e-03 6.223259e-03 5.853739e-03 6.569602e-03 6.339061e-03 6.046437e-03 6.022914e-03 5.204127e-03
5.700000e+01 1.098142e-02 1.081995e-02 1.117007e-02 1.184217e-02 1.085237e-02 1.074866e-02 1.073047e-02 1.109006e-02 1.130570e-02 1.182304e-02 1.089083e-02 1.045556e-02 1.066041e-02 1.070987e-02 1.096661e-02 1.091578e-02 1.079583e-02 9.825841e-03 1.050824e-02 1.032337e-02 1.075575e-02 1.130987e-02 1.251167e-02 1.048818e-02 1.117133e-02 1.085389e-02 1.034929e-02 9.792844e-03 8.838438e-03 9.024951e-03 1.007361e-02 9.466008e-03 9.628060e-03 8.884134e-03 8.692975e-03 8.683206e-03 9.196599e-03 8.349295e-03 8.465482e-03 7.879474e-03 7.003053e-03 7.393239e-03 7.129023e-03 6.595731e-03 6.713542e-03 6.309869e-03 6.822454e-03 6.252846e-03
5.800000e+01 1.208176e-02 1.226443e-02 1.219453e-02 1.144159e-02 1.140755e-02 1.259531e-02 1.116385e-02 1.120090e-02 1.175165e-02 1.219880e-02 1.096578e-02 1.162696e-02 1.178642e-02 1.160106e-02 1.185616e-02 1.114856e-02 1.033602e-02 1.161038e-02 1.134066e-02 1.207605e-02 1.176349e-02 1.212047e-02 1.079877e-02 1.324948e-02 1.104365e-02 1.131935e-02 1.089466e-02 1.114604e-02 1.094097e-02 1.054327e-02 1.096697e-02 1.070516e-02 1.026051e-02 9.584968e-03 9.351928e-03 9.427883e-03 9.781773e-03 8.885440e-03 8.713734e-03 8.792159e-03 8.300974e-03 7.546658e-03 7.426332e-03 7.430315e-03 7.451005e-03 7.733349e-03 7.979381e-03 7.774428e-03
5.900000e+01 1.471124e-02 1.317104e-02 1.533588e-02 1.235025e-02 1.279355e-02 1.497516e-02 1.344227e-02 1.315078e-02 1.399773e-02 1.386352e-02 1.251474e-02 1.308188e-02 1.228283e-02 1.314050e-02 1.354481e-02 1.194053e-02 1.295593e-02 1.314479e-02 1.318655e-02 1.316660e-02 1.256323e-02 1.327922e-02 1.277463e-02 1.281888e-02 1.429026e-02 1.195873e-02 1.203660e-02 1.220111e-02 1.262767e-02 1.145495e-02 1.147929e-02 1.190396e-02 1.195849e-02 1.062110e-02 1.084427e-02 1.077632e-02 1.078842e-02 9.480977e-03 1.027415e-02 8.769738e-03 9.158571e-03 8.115969e-03 8.938319e-03 8.398962e-03 8.191754e-03 7.675162e-03 7.570419e-03 8.261673e-03
6.000000e+01 1.625432e-02 1.493682e-02 1.509023e-02 1.551654e-02 1.401414e-02 1.560898e-02 1.501174e-02 1.502805e-02 1.531798e-02 1.433988e-02 1.462425e-02 1.444275e-02 1.470744e-02 1.396823e-02 1.362741e-02 1.442942e-02 1.454916e-02 1.353573e-02 1.347015e-02 1.442828e-02 1.518808e-02 1.400791e-02 1.458009e-02 1.454553e-02 1.407966e-02 1.732631e-02 1.355527e-02 1.301208e-02 1.337917e-02 1.205374e-02 1.289751e-02 1.268573e-02 1.293457e-02 1.234161e-02 1.166480e-02 1.131847e-02 1.109384e-02 1.090874e-02 1.035405e-02 1.076747e-02 1.020434e-02 9.774528e-03 1.032340e-02 9.165882e-03 9.434792e-03 8.728469e-03 8.244145e-03 9.518023e-03
6.100000e+01 1.640784e-02 1.657350e-02 1.773468e-02 1.610272e-02 1.428831e-02 1.664310e-02 1.601609e-02 1.635126e-02 1.726356e-02 1.577046e-02 1.636829e-02 1.647756e-02 1.748095e-02 1.595081e-02 1.625639e-02 1.602893e-02 1.631334e-02 1.502876e-02 1.533867e-02 1.521783e-02 1.619491e-02 1.664883e-02 1.497218e-02 1.439726e-02 1.510135e-02 1.494263e-02 1.715852e-02 1.491295e-02 1.437065e-02 1.417263e-02 1.384948e-02 1.286962e-02 1.305199e-02 1.452052e-02 1.316072e-02 1.295636e-02 1.295235e-02 1.226964e-02 1.081600e-02 1.072180e-02 1.215416e-02 1.094131e-02 1.137033e-02 1.022969e-02 9.300707e-03 1.006830e-02 1.047176e-02 9.097899e-03
6.200000e+01 1.878621e-02 1.878218e-02 1.873984e-02 1.721410e-02 1.604750e-02 1.852775e-02 1.764903e-02 1.905746e-02 1.823730e-02 1.633956e-02 1.802035e-02 1.902918e-02 1.761567e-02 1.754266e-02 1.889345e-02 1.699638e-02 1.755410e-02 1.667681e-02 1.740060e-02 1.745492e-02 1.695952e-02 1.665806e-02 1.735966e-02 1.679812e-02 1.736946e-02 1.652713e-02 1.619191e-02 1.943354e-02 1.532856e-02 1.564496e-02 1.507431e-02 1.393189e-02 1.354287e-02 1.491832e-02 1.377288e-02 1.368739e-02 1.407744e-02 1.411245e-02 1.343889e-02 1.229743e-02 1.260924e-02 1.226024e-02 1.186441e-02 1.194378e-02 1.090839e-02 1.102270e-02 9.716345e-03 9.717485e-03
6.300000e+01 1.927091e-02 2.085927e-02 2.119139e-02 2.034056e-02 1.767010e-02 2.039434e-02 2.006957e-02 2.020070e-02 2.100807e-02 2.043857e-02 1.991252e-02 2.031549e-02 1.979149e-02 2.019424e-02 2.118468e-02 1.897019e-02 1.888807e-02 1.995974e-02 1.910105e-02 1.887069e-02 1.866650e-02 1.983273e-02 1.863067e-02 1.941892e-02 1.926228e-02 1.972061e-02 1.784493e-02 1.703739e-02 2.100661e-02 1.631675e-02 1.715882e-02 1.681218e-02 1.604220e-02 1.598635e-02 1.469748e-02 1.447587e-02 1.508853e-02 1.528252e-02 1.568154e-02 1.456635e-02 1.359003e-02 1.353809e-02 1.417232e-02 1.294381e-02 1.302744e-02 1.105040e-02 1.219282e-02 1.200957e-02
6.400000e+01 2.210759e-02 2.206425e-02 2.392226e-02 2.116465e-02 2.147067e-02 2.175324e-02 2.220870e-02 2.347431e-02 2.166902e-02 2.255740e-02 2.200836e-02 2.006417e-02 2.156557e-02 2.063044e-02 2.230041e-02 2.246688e-02 2.217956e-02 2.093034e-02 2.249109e-02 2.131510e-02 2.051905e-02 2.157721e-02 2.142390e-02 2.132397e-02 1.929512e-02 2.113993e-02 2.129906e-02 2.034812e-02 1.860262e-02 2.233834e-02 1.916787e-02 1.808282e-02 1.824432e-02 1.902318e-02 1.624957e-02 1.772598e-02 1.732321e-02 1.730807e-02 1.498423e-02 1.578115e-02 1.492799e-02 1.548988e-02 1.338324e-02 1.546926e-02 1.400390e-02 1.422981e-02 1.328601e-02 1.269363e-02
6.500000e+01 2.370938e-02 2.304918e-02 2.473897e-02 2.326541e-02 2.345344e-02 2.549250e-02 2.363657e-02 2.404566e-02 2.403189e-02 2.343303e-02 2.443825e-02 2.359760e-02 2.335237e-02 2.310518e-02 2.344258e-02 2.290781e-02 2.459648e-02 2.302251e-02 2.466347e-02 2.427881e-02 2.323930e-02 2.441353e-02 2.343682e-02 2.322825e-02 2.215072e-02 2.138741e-02 2.316967e-02 2.165576e-02 2.241834e-02 2.206158e-02 2.440897e-02 2.011572e-02 1.987825e-02 1.921695e-02 1.902119e-02 1.867162e-02 1.826549e-02 1.905182e-02 1.818044e-02 1.743910e-02 1.605053e-02 1.659255e-02 1.738928e-02 1.625721e-02 1.506220e-02 1.480906e-02 1.421092e-02 1.360204e-02
6.600000e+01 2.530371e-02 2.520367e-02 2.765239e-02 2.622625e-02 2.481648e-02 2.554211e-02 2.725982e-02 2.830411e-02 2.637668e-02 2.795650e-02 2.567458e-02 2.701493e-02 2.741428e-02 2.604153e-02 2.704895e-02 2.568568e-02 2.590738e-02 2.760744e-02 2.651748e-02 2.578942e-02 2.636458e-02 2.549201e-02 2.560737e-02 2.666518e-02 2.390157e-02 2.428779e-02 2.342334e-02 2.392006e-02 2.309100e-02 2.236759e-02 2.302206e-02 2.722526e-02 2.223677e-02 2.190645e-02 2.058952e-02 2.054370e-02 2.060881e-02 2.066979e-02 1.967737e-02 1.868702e-02 1.981201e-02 1.861283e-02 1.797428e-02 1.761036e-02 1.563368e-02 1.636329e-02 1.660201e-02 1.651208e-02
6.700000e+01 2.884019e-02 2.944103e-02 2.910315e-02 2.954413e-02 2.723466e-02 3.007594e-02 2.857871e-02 3.021396e-02 2.691574e-02 2.870431e-02 2.893674e-02 2.824262e-02 3.097155e-02 2.889185e-02 3.014016e-02 2.840776e-02 2.925295e-02 2.832854e-02 3.105025e-02 2.908500e-02 2.967696e-02 2.920368e-02 2.863913e-02 2.853689e-02 2.920192e-02 2.761743e-02 2.781079e-02 2.660918e-02 2.672778e-02 2.532741e-02 2.720096e-02 2.479643e-02 2.694866e-02 2.407832e-02 2.234879e-02 2.168320e-02 2.317408e-02 2.152954e-02 2.200765e-02 1.972477e-02 2.046470e-02 2.121126e-02 1.943099e-02 1.988547e-02 1.895392e-02 1.703307e-02 1.750028e-02 1.725659e-02
6.800000e+01 2.970690e-02 3.289288e-02 3.273190e-02 3.197145e-02 3.125663e-02 3.326922e-02 3.295801e-02 3.208801e-02 3.140474e-02 3.278841e-02 3.205382e-02 3.272673e-02 3.199083e-02 3.443810e-02 3.386187e-02 3.139598e-02 3.171632e-02 3.210589e-02 3.157012e-02 3.198372e-02 3.313568e-02 3.332198e-02 3.204700e-02 3.088167e-02 3.014863e-02 3.204963e-02 3.012174e-02 2.956522e-02 2.785854e-02 2.788943e-02 2.874355e-02 2.834108e-02 2.581019e-02 3.132158e-02 2.376390e-02 2.475718e-02 2.445321e-02 2.458074e-02 2.420052e-02 2.281913e-02 2.321905e-02 2.255639e-02 2.136820e-02 2.116908e-02 2.147453e-02 1.978845e-02 1.977116e-02 1.949655e-02
6.900000e+01 3.517933e-02 3.422801e-02 3.417962e-02 3.546177e-02 3.457217e-02 3.650776e-02 3.459626e-02 3.742108e-02 3.640481e-02 3.656411e-02 3.552943e-02 3.852056e-02 3.577216e-02 3.370107e-02 3.686818e-02 3.448974e-02 3.484174e-02 3.453222e-02 3.680879e-02 3.520043e-02 3.620031e-02 3.525839e-02 3.489892e-02 3.396980e-02 3.493815e-02 3.245652e-02 3.511665e-02 3.318276e-02 3.131206e-02 3.096089e-02 3.137265e-02 3.051715e-02 2.814830e-02 2.931916e-02 3.384372e-02 2.527315e-02 2.709371e-02 2.593483e-02 2.574053e-02 2.496392e-02 2.483452e-02 2.440511e-02 2.364865e-02 2.323887e-02 2.313381e-02 2.265878e-02 2.139366e-02 2.198047e-02
7.000000e+01 3.762117e-02 3.770453e-02 3.812958e-02 3.944595e-02 3.726967e-02 4.138919e-02 3.964591e-02 3.864944e-02 3.844184e-02 3.967781e-02 4.013750e-02 3.908137e-02 3.917358e-02 3.910759e-02 3.965652e-02 3.984766e-02 3.877661e-02 3.996186e-02 3.703067e-02 3.822225e-02 3.774746e-02 3.972054e-02 3.666764e-02 3.724899e-02 3.793983e-02 3.625056e-02 3.536238e-02 3.599437e-02 3.326191e-02 3.253416e-02 3.224665e-02 3.422643e-02 3.383155e-02 3.200250e-02 2.989529e-02 3.638420e-02 2.879420e-02 2.996768e-02 2.882266e-02 2.804632e-02 2.706771e-02 2.629987e-02 2.602412e-02 2.576557e-02 2.494124e-02 2.550554e-02 2.314945e-02 2.344329e-02
7.100000e+01 4.335826e-02 4.313709e-02 4.238747e-02 4.072038e-02 4.279806e-02 4.321399e-02 4.254374e-02 4.569861e-02 4.315627e-02 4.342879e-02 4.245696e-02 4.314987e-02 4.331101e-02 4.335815e-02 4.401273e-02 4.027633e-02 4.535221e-02 4.278391e-02 4.350571e-02 4.364551e-02 4.213895e-02 4.348959e-02 4.375488e-02 4.304161e-02 4.281288e-02 4.232958e-02 4.133419e-02 3.781415e-02 3.930086e-02 3.747428e-02 3.771588e-02 3.730273e-02 3.653303e-02 3.574613e-02 3.378324e-02 3.482478e-02 3.801185e-02 3.055216e-02 3.111452e-02 2.999766e-02 2.987739e-02 3.114436e-02 3.041579e-02 2.898308e-02 3.018523e-02 2.646975e-02 2.716548e-02 2.525136e-02
7.200000e+01 4.779721e-02 4.860307e-02 4.879091e-02 4.764141e-02 4.683744e-02 4.685022e-02 4.511743e-02 4.861753e-02 4.765032e-02 4.520419e-02 4.973791e-02 4.864865e-02 4.807402e-02 4.902312e-02 4.847378e-02 4.639916e-02 4.496781e-02 4.831461e-02 4.630292e-02 4.593950e-02 4.536874e-02 4.939231e-02 4.565739e-02 4.585964e-02 4.735104e-02 4.491726e-02 4.453049e-02 4.477652e-02 4.085047e-02 4.205886e-02 4.252880e-02 4.075067e-02 3.973294e-02 3.974760e-02 3.830871e-02 3.806874e-02 3.622096e-02 4.191902e-02 3.515324e-02 3.332344e-02 3.166573e-02 3.086683e-02 3.229175e-02 3.173232e-02 3.170410e-02 3.202878e-02 2.882483e-02 3.046692e-02
7.300000e+01 5.396481e-02 4.946110e-02 5.259069e-02 4.903946e-02 5.055200e-02 5.537333e-02 5.238095e-02 5.210127e-02 5.022568e-02 5.326711e-02 5.222747e-02 5.148005e-02 5.061319e-02 5.479452e-02 5.367434e-02 4.943654e-02 5.455607e-02 5.103487e-02 5.270492e-02 5.179093e-02 5.284726e-02 5.107457e-02 5.100640e-02 5.132524e-02 5.301812e-02 5.163698e-02 4.967902e-02 4.654872e-02 4.667040e-02 4.490267e-02 4.762441e-02 4.474404e-02 4.562462e-02 4.483206e-02 4.211825e-02 4.138794e-02 4.158839e-02 4.085964e-02 4.549291e-02 3.639010e-02 3.699531e-02 3.640180e-02 3.510653e-02 3.498609e-02 3.386661e-02 3.310492e-02 3.184247e-02 3.238672e-02
7.400000e+01 5.397078e-02 5.943059e-02 5.707503e-02 5.717649e-02 5.558699e-02 5.903541e-02 5.594309e-02 5.605828e-02 5.628824e-02 5.621012e-02 5.915239e-02 5.358540e-02 5.744171e-02 5.487728e-02 6.347231e-02 5.644035e-02 5.610267e-02 5.815073e-02 5.752493e-02 5.721271e-02 5.668277e-02 5.881339e-02 5.265861e-02 5.602058e-02 5.463859e-02 5.484376e-02 5.347356e-02 5.348902e-02 5.458734e-02 4.984140e-02 4.987942e-02 5.231205e-02 4.887799e-02 4.783806e-02 4.681354e-02 4.723879e-02 4.559501e-02 4.478422e-02 4.297800e-02 4.772858e-02 4.321220e-02 3.907936e-02 4.005497e-02 3.841441e-02 3.791874e-02 3.677456e-02 3.622100e-02 3.585155e-02
7.500000e+01 6.165463e-02 6.541743e-02 6.341410e-02 6.218865e-02 6.211752e-02 6.287023e-02 6.142751e-02 6.468742e-02 6.404247e-02 5.980482e-02 6.323703e-02 6.490281e-02 6.355757e-02 6.617343e-02 6.380906e-02 5.876312e-02 5.935244e-02 6.127621e-02 6.470060e-02 6.160368e-02 6.389903e-02 6.306511e-02 6.532847e-02 6.058094e-02 6.367285e-02 5.850856e-02 6.120226e-02 5.769617e-02 5.798851e-02 5.640254e-02 5.570300e-02 5.300682e-02 5.501819e-02 5.418568e-02 4.998613e-02 5.278139e-02 5.206527e-02 4.641619e-02 4.833932e-02 4.681057e-02 5.236593e-02 4.441524e-02 4.398315e-02 4.297960e-02 4.361712e-02 4.115985e-02 3.935644e-02 4.020212e-02
7.600000e+01 6.742471e-02 6.683612e-02 6.907014e-02 6.776169e-02 6.464434e-02 7.008811e-02 6.778491e-02 7.225677e-02 6.882465e-02 7.017365e-02 6.926760e-02 6.772971e-02 6.976272e-02 6.956903e-02 7.022030e-02 6.985520e-02 7.145883e-02 6.802021e-02 7.090199e-02 6.980088e-02 6.835411e-02 7.045051e-02 6.499878e-02 6.729717e-02 6.568586e-02 6.575745e-02 6.355422e-02 6.318548e-02 6.182166e-02 6.677693e-02 6.135428e-02 6.050623e-02 5.891595e-02 5.935713e-02 5.557357e-02 5.660743e-02 5.495799e-02 5.324600e-02 5.313061e-02 5.130415e-02 5.012014e-02 5.589283e-02 4.869541e-02 4.936163e-02 4.534920e-02 4.495807e-02 4.528145e-02 4.198510e-02
7.700000e+01 7.378505e-02 7.647794e-02 7.927129e-02 7.519806e-02 7.781488e-02 7.845943e-02 7.559395e-02 7.929714e-02 7.733803e-02 7.263720e-02 7.676269e-02 7.252349e-02 7.784027e-02 7.839721e-02 7.674565e-02 7.225081e-02 7.254544e-02 7.623432e-02 7.495798e-02 7.664743e-02 7.668151e-02 7.636790e-02 7.389387e-02 7.559590e-02 7.464806e-02 7.121674e-02 7.200924e-02 6.938251e-02 7.074852e-02 6.821360e-02 6.966549e-02 6.801737e-02 6.545165e-02 6.562511e-02 6.517326e-02 6.367593e-02 6.403116e-02 6.164597e-02 6.395183e-02 5.890618e-02 5.847301e-02 5.688420e-02 6.162173e-02 5.194805e-02 5.189730e-02 5.180261e-02 4.899257e-02 5.104121e-02
7.800000e+01 8.323036e-02 8.013961e-02 8.792920e-02 8.001348e-02 7.930247e-02 8.746949e-02 8.017107e-02 9.177403e-02 8.338446e-02 8.693265e-02 7.982740e-02 8.267251e-02 8.070738e-02 8.488851e-02 8.289450e-02 7.549646e-02 8.603428e-02 8.045410e-02 8.406305e-02 8.382429e-02 7.895401e-02 8.542181e-02 7.815946e-02 8.268102e-02 8.231962e-02 7.806708e-02 7.983935e-02 7.826126e-02 7.445337e-02 7.624984e-02 7.458821e-02 7.425429e-02 7.269056e-02 7.129400e-02 6.726675e-02 7.050301e-02 6.820432e-02 6.665447e-02 6.874586e-02 6.544483e-02 6.366176e-02 5.918193e-02 5.937748e-02 6.845303e-02 5.718914e-02 5.451784e-02 5.448762e-02 5.442732e-02
7.900000e+01 9.414512e-02 9.028988e-02 9.094284e-02 8.964391e-02 8.903960e-02 9.305628e-02 9.189310e-02 9.403215e-02 9.429825e-02 8.748399e-02 9.134069e-02 9.104497e-02 8.824670e-02 8.714442e-02 9.161768e-02 8.504152e-02 8.834506e-02 9.046681e-02 8.756505e-02 8.914014e-02 9.239253e-02 8.851399e-02 8.987523e-02 8.588761e-02 8.838101e-02 8.814005e-02 8.541677e-02 8.526574e-02 8.443157e-02 8.325577e-02 8.720850e-02 8.324594e-02 8.167968e-02 8.281133e-02 7.472089e-02 7.857569e-02 7.455364e-02 7.513838e-02 7.282144e-02 6.693760e-02 7.303782e-02 6.798709e-02 6.576349e-02 6.416187e-02 7.453875e-02 6.192735e-02 6.113657e-02 6.127880e-02
8.000000e+01 1.048696e-01 1.056088e-01 1.064910e-01 9.541043e-02 9.869599e-02 9.721778e-02 9.484331e-02 1.022356e-01 1.014681e-01 1.051070e-01 9.999263e-02 1.018716e-01 9.310022e-02 1.000353e-01 9.955972e-02 9.452155e-02 9.887561e-02 9.052190e-02 9.898785e-02 9.624967e-02 9.970713e-02 9.631199e-02 9.693082e-02 9.876320e-02 9.602051e-02 9.904228e-02 9.273141e-02 9.498074e-02 8.839196e-02 8.894294e-02 8.966427e-02 8.924878e-02 8.642447e-02 9.154637e-02 8.204327e-02 8.185879e-02 8.042502e-02 8.159195e-02 8.428795e-02 7.866357e-02 7.495516e-02 7.734831e-02 7.636550e-02 7.020824e-02 7.111207e-02 7.832104e-02 6.710385e-02 6.744611e-02
8.100000e+01 1.136339e-01 1.154006e-01 1.134533e-01 1.132530e-01 1.073508e-01 1.161157e-01 1.103908e-01 1.093693e-01 1.106087e-01 1.056881e-01 1.163636e-01 1.043071e-01 1.025851e-01 1.101855e-01 1.078501e-01 1.006059e-01 1.036822e-01 1.039913e-01 1.105442e-01 1.048333e-01 1.020438e-01 1.123789e-01 1.068444e-01 9.838591e-02 1.092114e-01 1.030495e-01 1.064202e-01 9.805730e-02 1.006494e-01 9.496786e-02 1.015044e-01 9.468809e-02 9.826431e-02 9.828279e-02 9.270679e-02 9.839726e-02 9.236835e-02 8.802370e-02 9.099468e-02 8.566499e-02 8.359346e-02 8.548973e-02 8.614143e-02 8.201266e-02 8.260929e-02 7.559114e-02 8.795760e-02 7.243731e-02
8.200000e+01 1.182510e-01 1.191979e-01 1.264947e-01 1.276097e-01 1.202925e-01 1.212461e-01 1.209396e-01 1.242051e-01 1.282078e-01 1.203038e-01 1.180344e-01 1.199240e-01 1.185394e-01 1.189130e-01 1.126786e-01 1.059632e-01 1.128862e-01 1.175786e-01 1.117822e-01 1.136761e-01 1.230769e-01 1.134406e-01 1.168274e-01 1.153100e-01 1.108638e-01 1.146587e-01 1.092473e-01 1.118359e-01 1.111717e-01 1.055592e-01 1.064847e-01 1.125536e-01 1.027312e-01 1.110709e-01 9.874085e-02 1.014574e-01 1.040798e-01 1.004973e-01 9.741766e-02 9.235652e-02 9.740128e-02 9.147077e-02 8.652871e-02 9.145676e-02 9.069416e-02 8.759813e-02 8.047902e-02 9.843562e-02
8.300000e+01 1.264816e-01 1.345714e-01 1.295257e-01 1.270831e-01 1.310505e-01 1.380417e-01 1.273885e-01 1.296965e-01 1.311907e-01 1.252989e-01 1.345459e-01 1.250580e-01 1.333333e-01 1.264344e-01 1.283378e-01 1.201860e-01 1.257455e-01 1.233585e-01 1.252676e-01 1.270260e-01 1.198789e-01 1.291726e-01 1.183553e-01 1.222671e-01 1.208937e-01 1.188456e-01 1.248633e-01 1.210591e-01 1.174348e-01 1.152159e-01 1.237740e-01 1.156203e-01 1.145403e-01 1.149116e-01 1.138671e-01 1.101030e-01 1.116720e-01 1.123109e-01 1.066351e-01 1.008167e-01 1.035979e-01 1.051184e-01 9.937991e-02 9.908064e-02 1.021187e-01 9.771969e-02 9.554175e-02 9.147082e-02
8.400000e+01 1.457578e-01 1.443197e-01 1.525732e-01 1.413715e-01 1.404869e-01 1.467998e-01 1.469820e-01 1.414554e-01 1.463415e-01 1.427815e-01 1.368811e-01 1.344832e-01 1.360759e-01 1.418244e-01 1.318055e-01 1.286039e-01 1.278014e-01 1.333864e-01 1.336474e-01 1.385256e-01 1.363433e-01 1.366466e-01 1.312576e-01 1.306354e-01 1.316010e-01 1.328954e-01 1.320310e-01 1.311618e-01 1.290532e-01 1.313094e-01 1.267544e-01 1.269402e-01 1.268571e-01 1.282177e-01 1.222475e-01 1.253938e-01 1.214654e-01 1.185472e-01 1.228227e-01 1.126908e-01 1.167558e-01 1.149704e-01 1.122231e-01 1.133153e-01 1.056830e-01 1.096942e-01 1.049669e-01 1.039520e-01
8.500000e+01 1.453241e-01 1.678756e-01 1.646059e-01 1.513514e-01 1.558368e-01 1.503079e-01 1.509044e-01 1.622394e-01 1.526240e-01 1.536712e-01 1.410033e-01 1.488423e-01 1.440175e-01 1.501916e-01 1.529954e-01 1.435782e-01 1.498500e-01 1.419876e-01 1.478078e-01 1.393874e-01 1.452876e-01 1.516919e-01 1.409625e-01 1.473074e-01 1.382617e-01 1.458930e-01 1.438100e-01 1.338548e-01 1.456397e-01 1.325366e-01 1.463672e-01 1.308166e-01 1.357610e-01 1.389303e-01 1.323278e-01 1.290869e-01 1.357677e-01 1.320195e-01 1.325927e-01 1.257594e-01 1.261010e-01 1.267156e-01 1.241574e-01 1.269639e-01 1.202939e-01 1.179281e-01 1.205770e-01 1.180065e-01
8.600000e+01 1.763051e-01 1.749870e-01 1.817958e-01 1.712876e-01 1.725194e-01 1.715896e-01 1.683168e-01 1.741766e-01 1.695537e-01 1.604867e-01 1.652591e-01 1.647166e-01 1.564549e-01 1.737589e-01 1.665147e-01 1.548648e-01 1.601041e-01 1.497553e-01 1.585064e-01 1.590454e-01 1.517615e-01 1.607793e-01 1.555931e-01 1.523276e-01 1.609893e-01 1.549236e-01 1.613309e-01 1.511223e-01 1.434437e-01 1.367761e-01 1.437601e-01 1.531297e-01 1.470143e-01 1.492986e-01 1.407521e-01 1.539459e-01 1.380918e-01 1.438525e-01 1.475441e-01 1.360671e-01 1.478292e-01 1.385124e-01 1.329204e-01 1.351730e-01 1.386500e-01 1.346200e-01 1.254971e-01 1.299280e-01
8.700000e+01 1.708491e-01 1.886864e-01 1.966292e-01 2.007838e-01 1.809718e-01 1.825939e-01 1.746871e-01 1.880886e-01 1.789185e-01 1.719446e-01 1.801002e-01 1.786291e-01 1.692207e-01 1.790744e-01 1.779326e-01 1.701559e-01 1.720383e-01 1.603309e-01 1.748624e-01 1.708080e-01 1.643305e-01 1.679317e-01 1.691063e-01 1.766309e-01 1.674886e-01 1.613776e-01 1.666387e-01 1.591216e-01 1.731237e-01 1.560316e-01 1.712080e-01 1.619646e-01 1.656657e-01 1.653704e-01 1.521333e-01 1.498784e-01 1.552675e-01 1.521818e-01 1.618552e-01 1.436880e-01 1.479768e-01 1.546904e-01 1.435121e-01 1.448767e-01 1.446915e-01 1.497960e-01 1.393183e-01 1.464537e-01
8.800000e+01 1.951220e-01 2.005034e-01 2.131070e-01 2.012754e-01 2.060398e-01 2.042507e-01 1.921005e-01 2.043333e-01 1.936102e-01 1.974170e-01 1.978320e-01 1.790296e-01 1.797468e-01 1.886072e-01 1.808903e-01 1.891892e-01 1.749660e-01 1.866807e-01 1.842479e-01 1.775371e-01 1.897242e-01 1.803206e-01 1.791734e-01 1.843889e-01 1.827332e-01 1.772883e-01 1.782007e-01 1.759429e-01 1.730847e-01 1.752272e-01 1.725943e-01 1.813681e-01 1.740984e-01 1.769787e-01 1.610795e-01 1.763141e-01 1.648151e-01 1.725556e-01 1.721183e-01 1.617965e-01 1.643908e-01 1.600356e-01 1.658663e-01 1.634101e-01 1.615085e-01 1.567122e-01 1.596865e-01 1.561415e-01
8.900000e+01 2.178683e-01 1.897733e-01 2.251059e-01 2.196461e-01 2.134945e-01 2.219559e-01 2.138483e-01 2.276530e-01 2.145028e-01 1.926719e-01 2.026398e-01 1.988785e-01 1.885522e-01 2.087205e-01 2.101180e-01 1.899603e-01 2.058925e-01 1.845056e-01 1.967846e-01 1.942173e-01 1.873911e-01 1.920920e-01 1.903969e-01 1.803660e-01 1.944685e-01 1.966574e-01 1.869832e-01 1.889512e-01 1.953708e-01 1.914841e-01 1.889479e-01 1.820200e-01 1.820261e-01 1.902092e-01 1.849270e-01 1.900876e-01 1.852427e-01 1.697866e-01 1.909008e-01 1.723710e-01 1.773450e-01 1.778700e-01 1.732379e-01 1.723984e-01 1.785565e-01 1.675954e-01 1.685560e-01 1.787709e-01
9.000000e+01 2.209632e-01 2.373567e-01 2.021419e-01 2.162356e-01 2.364918e-01 2.416021e-01 2.357463e-01 2.349693e-01 2.253357e-01 2.231497e-01 2.178828e-01 2.072993e-01 2.074689e-01 2.079208e-01 2.194896e-01 2.099866e-01 2.012664e-01 2.071993e-01 2.079419e-01 2.110092e-01 2.108389e-01 2.113938e-01 1.987887e-01 2.046159e-01 1.920554e-01 2.187060e-01 1.997167e-01 1.906198e-01 1.996678e-01 1.970319e-01 2.089275e-01 2.063587e-01 1.980088e-01 2.063626e-01 1.888305e-01 1.984999e-01 2.015331e-01 2.072136e-01 1.960073e-01 1.769231e-01 1.902721e-01 1.894781e-01 1.937451e-01 1.931945e-01 1.921955e-01 1.849004e-01 1.889856e-01 1.859436e-01
9.100000e+01 2.358156e-01 2.352941e-01 2.500000e-01 2.439024e-01 2.414122e-01 2.515856e-01 2.385480e-01 2.180851e-01 2.554392e-01 2.419228e-01 2.580185e-01 2.317881e-01 2.100062e-01 2.424800e-01 2.204082e-01 2.270531e-01 2.161066e-01 2.171920e-01 2.143665e-01 2.091865e-01 2.233451e-01 2.339925e-01 2.198379e-01 2.144161e-01 2.197994e-01 2.102060e-01 2.086431e-01 2.213875e-01 2.251438e-01 2.116200e-01 2.134831e-01 2.220893e-01 2.319005e-01 2.158451e-01 2.232592e-01 2.069086e-01 2.193656e-01 2.103746e-01 2.182864e-01 2.091200e-01 2.062730e-01 2.195955e-01 2.097447e-01 2.105779e-01 2.060185e-01 2.014175e-01 2.102334e-01 2.035342e-01
9.200000e+01 2.777070e-01 2.531172e-01 2.777778e-01 2.531328e-01 2.351485e-01 2.259414e-01 2.583333e-01 2.551724e-01 2.731327e-01 2.480000e-01 2.494647e-01 2.566697e-01 2.345786e-01 2.634271e-01 2.568966e-01 2.210858e-01 2.373984e-01 2.234043e-01 2.448071e-01 2.432234e-01 2.361809e-01 2.517986e-01 2.352941e-01 2.231920e-01 2.283840e-01 2.356651e-01 2.368098e-01 2.230303e-01 2.300631e-01 2.311062e-01 2.330416e-01 2.120891e-01 2.259590e-01 2.381191e-01 2.202048e-01 2.252381e-01 2.274352e-01 2.310705e-01 2.297855e-01 2.245389e-01 2.262883e-01 2.257246e-01 2.217573e-01 2.285525e-01 2.301136e-01 2.284778e-01 2.267560e-01 2.223439e-01
9.300000e+01 3.104839e-01 2.558594e-01 2.535211e-01 2.901554e-01 2.676311e-01 2.671010e-01 2.746615e-01 2.909441e-01 2.893482e-01 2.826797e-01 2.750000e-01 2.489270e-01 2.416268e-01 2.519084e-01 2.830189e-01 2.484700e-01 2.340206e-01 2.513721e-01 2.583170e-01 2.532928e-01 2.586377e-01 2.652296e-01 2.484018e-01 2.440106e-01 2.380165e-01 2.636434e-01 2.631988e-01 2.472007e-01 2.341977e-01 2.421456e-01 2.553495e-01 2.442293e-01 2.333562e-01 2.555932e-01 2.417127e-01 2.174178e-01 2.504627e-01 2.349727e-01 2.594260e-01 2.391546e-01 2.449612e-01 2.443013e-01 2.423225e-01 2.438912e-01 2.424645e-01 2.392484e-01 2.438541e-01 2.648505e-01
9.400000e+01 2.351275e-01 2.852853e-01 3.123426e-01 2.928040e-01 3.012658e-01 3.243243e-01 2.614213e-01 2.926829e-01 3.068182e-01 2.613065e-01 3.102679e-01 2.761693e-01 2.779783e-01 2.645161e-01 2.704626e-01 2.472325e-01 2.544283e-01 2.722372e-01 2.573190e-01 2.455662e-01 2.901484e-01 2.910864e-01 2.780083e-01 2.445302e-01 2.668213e-01 2.623874e-01 2.425906e-01 2.525140e-01 2.725118e-01 2.323789e-01 2.776660e-01 2.432150e-01 2.764933e-01 2.451737e-01 2.509294e-01 2.676056e-01 2.456829e-01 2.497911e-01 2.637540e-01 2.493907e-01 2.612275e-01 2.519629e-01 2.535023e-01 2.438701e-01 2.640100e-01 2.650091e-01 2.467311e-01 2.455381e-01
9.500000e+01 3.239437e-01 3.037975e-01 3.373984e-01 3.360324e-01 3.294574e-01 3.553114e-01 3.188976e-01 3.120301e-01 2.926829e-01 3.021277e-01 3.490909e-01 2.657343e-01 2.937853e-01 2.721088e-01 2.699387e-01 2.919708e-01 2.736573e-01 3.016878e-01 2.713987e-01 3.112450e-01 2.968460e-01 3.056680e-01 2.872340e-01 3.023256e-01 2.682060e-01 2.673108e-01 2.877814e-01 2.725926e-01 2.662539e-01 2.891156e-01 2.789017e-01 2.701062e-01 2.606149e-01 2.753425e-01 2.534435e-01 2.625330e-01 2.943396e-01 2.780220e-01 2.676538e-01 2.680412e-01 2.897297e-01 2.685475e-01 2.733598e-01 2.644320e-01 2.588968e-01 2.820513e-01 2.840237e-01 2.796610e-01
9.600000e+01 3.235294e-01 3.290323e-01 3.500000e-01 2.905405e-01 2.500000e-01 3.526012e-01 3.413174e-01 3.606557e-01 3.678161e-01 3.066667e-01 3.214286e-01 2.910053e-01 2.857143e-01 3.096447e-01 3.090129e-01 2.956522e-01 3.104693e-01 3.167260e-01 3.024055e-01 2.584615e-01 2.914110e-01 2.788732e-01 3.009709e-01 3.009404e-01 3.277311e-01 2.701299e-01 2.669789e-01 2.995495e-01 2.751092e-01 2.766885e-01 2.904040e-01 2.599119e-01 2.826552e-01 2.941176e-01 2.614108e-01 2.717190e-01 3.095238e-01 2.914286e-01 3.148734e-01 2.927242e-01 2.685811e-01 3.093750e-01 2.964072e-01 2.859216e-01 2.909091e-01 3.023839e-01 3.125000e-01 3.152828e-01
9.700000e+01 3.095238e-01 3.714286e-01 3.298969e-01 3.333333e-01 3.965517e-01 3.457944e-01 2.812500e-01 3.451327e-01 3.030303e-01 3.400000e-01 2.871287e-01 2.820513e-01 2.047244e-01 3.333333e-01 3.583333e-01 3.265306e-01 3.018868e-01 3.063584e-01 3.149171e-01 3.152709e-01 2.785388e-01 2.946429e-01 2.957198e-01 3.179487e-01 3.173077e-01 3.437500e-01 3.275862e-01 2.961672e-01 2.852113e-01 2.866894e-01 2.673267e-01 3.215548e-01 3.226744e-01 3.029316e-01 3.092486e-01 3.260870e-01 2.810811e-01 3.163539e-01 3.387534e-01 3.349754e-01 3.163265e-01 3.142857e-01 3.413567e-01 2.981221e-01 3.018868e-01 2.783300e-01 3.022814e-01 3.326653e-01
9.800000e+01 2.708333e-01 3.333333e-01 2.727273e-01 2.857143e-01 3.174603e-01 3.174603e-01 3.225806e-01 3.918919e-01 3.384615e-01 3.333333e-01 2.786885e-01 2.972973e-01 2.954545e-01 2.972973e-01 3.411765e-01 2.647059e-01 2.978723e-01 3.394495e-01 3.000000e-01 3.834586e-01 3.333333e-01 3.065693e-01 3.141026e-01 2.592593e-01 2.920354e-01 3.428571e-01 3.287671e-01 3.218391e-01 3.224044e-01 2.708333e-01 2.626263e-01 2.801932e-01 3.650794e-01 3.383085e-01 3.417085e-01 3.438914e-01 2.976744e-01 3.050847e-01 3.049327e-01 3.236515e-01 3.106383e-01 3.104839e-01 2.914980e-01 3.271375e-01 3.201439e-01 3.395062e-01 3.226744e-01 2.944785e-01
9.900000e+01 1.000000e+00 1.000000e+00 1.000000e+00 1.000000e+00 1.000000e+00 1.000000e+00 1.000000e+00 1.000000e+00 1.000000e+00 1.000000e+00 1.000000e+00 1.000000e+00 1.000000e+00 1.000000e+00 1.000000e+00 1.000000e+00 1.000000e+00 1.000000e+00 1.000000e+00 1.000000e+00 1.000000e+00 1.000000e+00 1.000000e+00 1.000000e+00 1.000000e+00 1.000000e+00 1.000000e+00 1.000000e+00 1.000000e+00 1.000000e+00 4.109589e-01 3.576642e-01 2.500000e-01 3.500000e-01 3.538462e-01 2.844828e-01 3.695652e-01 3.311258e-01 3.580247e-01 3.358209e-01 2.948718e-01 3.112583e-01 3.571429e-01 3.518519e-01 3.389831e-01 3.423913e-01 3.567839e-01 3.438914e-01
1.000000e+02 1.000000e+00 1.000000e+00 1.000000e+00 1.000000e+00 1.000000e+00 1.000000e+00 1.000000e+00 1.000000e+00 1.000000e+00 1.000000e+00 1.000000e+00 1.000000e+00 1.000000e+00 1.000000e+00 1.000000e+00 1.000000e+00 1.000000e+00 1.000000e+00 1.000000e+00 1.000000e+00 1.000000e+00 1.000000e+00 1.000000e+00 1.000000e+00 1.000000e+00 1.000000e+00 1.000000e+00 1.000000e+00 1.000000e+00 1.000000e+00 1.000000e+00 1.000000e+00 1.000000e+00 1.000000e+00 1.000000e+00 1.000000e+00 3.564356e-01 1.000000e+00 1.000000e+00 1.000000e+00 1.000000e+00 3.826087e-01 1.000000e+00 1.000000e+00 3.755656e-01 3.524229e-01 3.802281e-01 3.725490e-01
