age 1955 1956 1957 1958 1959 1960 1961 1962 1963 1964 1965 1966 1967 1968 1969 1970 1971 1972 1973 1974 1975 1976 1977 1978 1979 1980 1981 1982 1983 1984 1985 1986 1987 1988 1989 1990 1991 1992 1993 1994 1995 1996 1997 1998 1999 2000 2001 2002
0.000000e+00 1.568988e-02 1.539434e-02 1.561720e-02 1.320769e-02 1.365795e-02 1.393384e-02 1.396010e-02 1.347624e-02 1.379719e-02 1.358964e-02 1.188727e-02 1.051431e-02 1.117561e-02 1.043401e-02 8.933282e-03 9.669575e-03 9.919556e-03 8.760427e-03 8.602033e-03 8.498584e-03 6.950932e-03 7.073421e-03 6.807521e-03 6.461381e-03 6.652224e-03 5.717808e-03 6.278575e-03 6.361571e-03 6.897312e-03 5.597349e-03 6.551649e-03 5.407437e-03 5.685242e-03 5.293580e-03 5.098579e-03 5.614902e-03 5.590450e-03 4.637402e-03 4.012774e-03 3.801225e-03 3.255137e-03 3.444500e-03 2.960357e-03 2.955217e-03 2.607532e-03 2.848475e-03 3.288355e-03 3.162853e-03
1.000000e+00 1.221234e-03 1.213351e-03 1.088859e-03 1.461675e-03 1.103817e-03 1.368179e-03 8.596218e-04 9.523810e-04 8.181183e-04 8.332364e-04 9.051613e-04 6.215354e-04 7.094235e-04 5.751988e-04 5.647784e-04 5.241659e-04 6.290267e-04 5.609259e-04 5.264209e-04 6.632399e-04 7.492180e-04 4.642957e-04 4.318552e-04 5.773553e-04 5.532503e-04 5.891466e-04 4.450473e-04 3.987241e-04 3.461555e-04 4.631263e-04 5.136795e-04 5.884148e-04 4.159907e-04 5.193871e-04 5.040323e-04 4.016504e-04 4.223270e-04 2.301382e-04 3.153527e-04 2.508991e-04 1.565735e-04 2.727124e-04 4.778973e-04 2.356722e-04 2.940245e-04 1.605284e-04 3.440051e-04 1.799816e-04
2.000000e+00 8.978890e-04 9.927074e-04 7.953551e-04 6.016147e-04 7.990489e-04 5.236821e-04 5.748721e-04 6.787918e-04 5.065548e-04 6.378187e-04 4.827373e-04 5.330980e-04 4.019831e-04 4.895258e-04 3.715589e-04 4.069590e-04 3.581277e-04 4.757827e-04 3.561921e-04 3.453792e-04 2.938422e-04 2.796838e-04 1.291727e-04 3.509661e-04 3.294689e-04 2.760788e-04 1.090822e-04 2.119497e-04 2.100002e-04 1.513121e-04 3.083633e-04 2.672665e-04 2.821181e-04 3.105526e-04 3.183193e-04 1.926226e-04 2.540650e-04 1.928911e-04 2.135068e-04 1.488784e-04 1.664309e-04 1.217582e-04 2.000473e-04 9.958374e-05 1.923324e-04 1.352509e-04 1.369644e-04 1.595442e-04
3.000000e+00 7.465401e-04 4.583389e-04 5.725082e-04 7.536393e-04 4.850037e-04 5.075548e-04 5.234486e-04 6.734140e-04 5.191486e-04 4.048173e-04 4.769475e-04 3.456951e-04 2.382436e-04 3.185247e-04 4.214004e-04 4.363661e-04 2.860364e-04 3.758457e-04 3.630111e-04 2.065534e-04 2.541342e-04 1.646331e-04 2.599042e-04 2.021464e-04 2.725326e-04 2.467410e-04 1.484970e-04 2.833973e-04 1.695598e-04 2.730232e-04 1.296176e-04 1.758203e-04 3.325574e-04 1.511455e-04 1.030015e-04 1.775989e-04 1.339610e-04 2.348648e-04 2.272131e-04 4.905167e-05 8.192289e-05 1.164977e-04 1.219066e-04 1.090909e-04 5.967418e-05 4.266030e-05 1.570845e-04 1.135538e-04
4.000000e+00 4.943878e-04 6.309993e-04 4.958047e-04 3.810613e-04 3.767150e-04 6.988663e-04 7.402645e-04 3.681671e-04 4.357644e-04 4.789463e-04 3.430670e-04 5.932254e-04 4.978268e-04 3.295617e-04 4.185011e-04 2.507439e-04 2.666089e-04 3.367967e-04 1.979877e-04 3.255520e-04 2.628170e-04 3.077480e-04 2.734382e-04 2.404291e-04 3.304996e-04 2.722305e-04 1.232970e-04 2.548095e-04 1.528585e-04 6.361458e-05 1.888019e-04 3.447459e-04 1.970616e-04 6.619886e-05 2.146936e-04 1.020762e-04 2.547571e-04 7.611219e-05 1.080614e-04 1.910618e-04 1.780022e-04 8.191350e-05 1.666361e-05 8.708526e-05 7.268366e-05 1.190736e-04 1.062248e-04 6.702413e-05
5.000000e+00 5.027216e-04 4.391342e-04 3.820585e-04 3.995206e-04 5.520760e-04 4.164601e-04 4.465239e-04 4.668988e-04 3.485535e-04 3.760291e-04 4.776880e-04 3.213626e-04 2.562283e-04 3.638174e-04 2.925634e-04 4.489226e-04 1.828123e-04 3.167353e-04 3.210978e-04 3.790272e-04 2.488181e-04 3.369651e-04 1.623113e-04 2.362520e-04 3.139775e-04 1.834324e-04 1.555694e-04 1.645143e-04 1.275402e-04 1.310444e-04 1.271348e-04 1.256860e-04 4.299966e-05 1.743451e-04 1.536233e-04 1.489869e-04 6.083712e-05 2.341098e-04 9.483707e-05 8.950949e-05 1.373532e-04 1.617102e-04 4.916985e-05 1.165889e-04 6.958095e-05 7.252420e-05 9.876738e-05 1.057172e-04
6.000000e+00 4.634457e-04 3.810910e-04 4.208061e-04 3.050350e-04 3.232677e-04 4.572474e-04 4.165427e-04 5.819367e-04 3.500039e-04 3.290620e-04 2.173655e-04 5.155048e-04 2.805499e-04 5.120731e-04 3.060093e-04 4.899470e-04 2.979738e-04 3.323087e-04 2.174822e-04 4.068831e-04 3.790956e-04 1.911425e-04 1.679700e-04 1.799370e-04 1.817158e-04 1.293828e-04 1.467728e-04 1.167838e-04 1.029824e-04 1.276324e-04 1.964637e-04 1.903875e-04 1.254522e-04 1.284852e-04 1.949782e-04 4.350096e-05 1.268472e-04 1.008939e-04 1.749271e-04 1.130817e-04 5.305321e-05 8.571918e-05 9.702144e-05 3.277023e-05 1.164435e-04 1.909822e-04 5.424955e-05 1.180730e-04
7.000000e+00 4.568669e-04 3.802847e-04 4.155197e-04 2.557872e-04 2.096316e-04 3.614091e-04 2.477370e-04 3.368938e-04 2.716548e-04 2.917266e-04 5.021826e-04 2.758675e-04 2.769864e-04 3.404630e-04 3.543237e-04 3.427266e-04 1.625047e-04 2.650499e-04 3.002352e-04 2.852732e-04 2.036107e-04 2.343609e-04 9.541438e-05 2.048455e-04 8.996365e-05 1.998764e-04 1.293446e-04 1.470183e-04 9.744879e-05 1.443894e-04 6.377687e-05 1.091322e-04 1.266517e-04 1.251356e-04 0.000000e+00 1.289297e-04 1.079541e-04 8.409545e-05 2.211544e-04 9.655492e-05 5.583993e-05 7.064142e-05 8.570008e-05 4.846292e-05 1.308365e-04 9.967605e-05 1.211429e-04 3.601268e-05
8.000000e+00 4.283199e-04 1.957458e-04 3.470902e-04 2.593809e-04 3.102983e-04 1.334401e-04 3.618634e-04 3.045647e-04 2.574665e-04 2.520650e-04 1.940956e-04 3.082673e-04 2.556790e-04 4.152988e-04 3.601585e-04 2.346133e-04 1.516386e-04 1.988287e-04 1.662842e-04 2.172859e-04 1.846722e-04 1.355496e-04 1.619025e-04 2.093404e-04 7.447264e-05 1.618385e-04 1.272311e-04 1.662603e-04 1.840197e-04 9.747349e-05 8.240287e-05 8.492028e-05 1.090037e-04 6.312733e-05 1.244917e-04 1.691618e-04 8.538798e-05 1.504406e-04 6.280618e-05 0.000000e+00 5.728033e-05 7.430387e-05 5.295021e-05 1.711391e-04 1.451075e-04 1.632546e-05 1.159747e-04 1.725209e-05
9.000000e+00 4.120248e-04 2.853429e-04 2.608242e-04 3.631502e-04 2.764674e-04 2.556331e-04 3.620496e-04 2.853610e-04 2.283626e-04 2.573748e-04 1.935322e-04 2.904388e-04 2.114734e-04 2.358954e-04 1.581434e-04 2.987155e-04 2.725751e-04 3.034441e-04 2.536691e-04 6.661227e-05 2.339025e-04 2.847953e-04 2.536312e-04 1.257116e-04 2.662255e-04 1.302083e-04 1.079875e-04 1.454387e-04 9.246930e-05 1.105298e-04 5.847383e-05 8.229945e-05 1.482674e-04 1.304433e-04 6.286277e-05 1.648771e-04 1.051259e-04 6.370103e-05 1.070091e-04 1.247505e-04 1.578968e-04 1.143554e-04 9.284706e-05 5.285412e-05 8.537668e-05 8.045829e-05 8.136564e-05 9.912276e-05
1.000000e+01 2.857052e-04 2.533770e-04 2.851079e-04 2.116747e-04 2.804679e-04 2.419383e-04 3.104002e-04 4.567948e-04 2.663572e-04 2.852308e-04 1.975660e-04 1.929831e-04 2.318303e-04 1.537072e-04 1.570814e-04 2.752005e-04 2.379961e-04 1.947003e-04 2.090023e-04 1.996443e-04 2.994809e-04 1.500951e-04 1.003126e-04 1.689446e-04 1.076619e-04 1.140945e-04 1.488317e-04 1.260648e-04 9.101997e-05 9.247956e-05 2.024664e-04 9.728762e-05 2.054907e-04 8.450585e-05 1.082064e-04 2.082249e-04 1.434661e-04 1.884856e-04 6.346251e-05 8.501413e-05 8.228252e-05 1.379256e-04 9.524172e-05 7.415784e-05 1.583197e-04 1.022303e-04 9.627728e-05 8.109379e-05
1.100000e+01 3.184820e-04 2.379895e-04 4.115161e-04 3.322890e-04 2.277682e-04 2.970885e-04 2.246337e-04 2.554139e-04 1.902443e-04 1.711938e-04 1.708331e-04 2.168684e-04 2.118766e-04 1.929831e-04 1.919791e-04 1.368738e-04 2.932093e-04 1.783874e-04 2.339637e-04 1.711938e-04 1.270902e-04 2.490371e-04 1.165831e-04 2.170574e-04 2.533912e-04 1.435467e-04 7.604274e-05 1.675260e-04 9.009658e-05 1.274280e-04 1.478415e-04 1.287049e-04 7.767594e-05 2.050189e-04 1.263690e-04 1.075593e-04 1.657413e-04 1.020096e-04 1.878287e-04 1.471485e-04 6.303713e-05 8.212709e-05 7.872466e-05 1.331381e-04 5.545799e-05 1.053482e-04 1.018607e-04 9.589720e-05
1.200000e+01 3.310467e-04 3.184393e-04 2.378725e-04 4.111517e-04 2.056019e-04 2.766702e-04 1.155516e-04 2.762622e-04 2.554092e-04 2.091971e-04 3.418284e-04 1.894765e-04 9.844458e-05 3.465003e-04 1.542496e-04 1.719789e-04 3.114295e-04 2.148983e-04 3.571429e-04 1.755961e-04 2.470497e-04 1.992681e-04 2.320839e-04 9.975726e-05 2.838063e-04 2.364665e-04 1.255786e-04 1.331102e-04 1.861296e-04 1.622235e-04 1.455922e-04 1.847200e-05 9.182231e-05 1.356300e-04 1.022202e-04 6.286145e-05 1.284522e-04 8.253549e-05 1.016901e-04 6.227038e-05 8.323103e-05 8.389438e-05 2.050525e-04 2.161567e-04 1.897785e-05 1.844644e-04 5.249160e-05 5.075884e-05
1.300000e+01 2.308693e-04 2.390101e-04 2.010353e-04 2.376614e-04 2.529404e-04 2.056441e-04 3.579215e-04 2.804355e-04 3.795918e-04 2.006201e-04 2.468339e-04 1.326386e-04 2.270233e-04 2.556991e-04 3.076982e-04 2.688275e-04 3.611961e-04 1.944996e-04 2.150075e-04 2.581568e-04 2.729630e-04 1.138369e-04 3.074697e-04 1.489770e-04 1.495687e-04 1.835842e-04 8.445090e-05 1.256214e-04 9.509862e-05 1.488566e-04 1.261057e-04 2.181144e-04 1.475579e-04 9.161200e-05 1.352657e-04 1.221573e-04 1.250886e-04 1.705212e-04 1.439559e-04 1.818586e-04 1.233806e-04 1.661854e-04 1.676832e-04 8.186321e-05 5.880508e-05 1.703610e-04 1.286339e-04 6.966335e-05
1.400000e+01 2.417264e-04 4.193048e-04 4.412170e-04 4.016266e-04 1.425630e-04 2.054979e-04 3.489073e-04 2.114371e-04 2.308898e-04 2.932652e-04 2.914337e-04 3.033118e-04 3.971932e-04 2.647153e-04 2.554329e-04 2.107199e-04 2.869989e-04 1.709402e-04 2.530463e-04 1.955952e-04 3.769916e-04 3.310484e-04 2.652721e-04 1.805250e-04 2.317037e-04 2.823686e-04 2.834467e-04 1.520527e-04 1.077586e-04 2.472846e-04 1.486906e-04 1.620483e-04 5.445041e-05 7.358758e-05 1.461641e-04 3.077633e-04 2.840909e-04 1.455392e-04 1.912371e-04 1.432020e-04 1.402440e-04 6.157509e-05 8.305820e-05 2.719551e-04 1.837147e-04 9.774598e-05 2.265390e-04 1.463941e-04
1.500000e+01 4.724274e-04 2.852754e-04 4.398643e-04 3.488031e-04 4.346154e-04 3.483879e-04 2.835583e-04 3.482776e-04 4.708709e-04 4.280329e-04 3.614520e-04 3.449027e-04 2.646603e-04 2.831204e-04 3.017331e-04 4.487717e-04 2.665042e-04 4.579104e-04 1.899588e-04 3.503650e-04 3.712605e-04 3.962044e-04 3.304564e-04 4.919211e-04 3.969829e-04 3.474060e-04 2.491074e-04 3.834420e-04 2.533313e-04 2.333764e-04 1.140316e-04 1.671961e-04 2.158467e-04 3.078595e-04 3.851586e-04 2.729158e-04 7.672242e-05 1.617469e-04 1.243962e-04 1.268445e-04 1.825484e-04 2.199472e-04 2.254422e-04 3.107070e-04 1.668265e-04 1.425981e-04 1.168862e-04 1.128541e-04
1.600000e+01 3.356380e-04 5.993407e-04 4.378380e-04 6.257953e-04 4.030854e-04 3.006062e-04 3.632229e-04 3.928532e-04 4.735970e-04 3.402187e-04 3.936298e-04 3.595890e-04 2.890957e-04 2.260483e-04 4.886208e-04 3.363103e-04 3.668804e-04 3.981269e-04 4.383123e-04 3.984442e-04 5.240276e-04 3.896053e-04 3.751086e-04 2.517818e-04 2.266589e-04 2.522750e-04 2.146951e-04 2.654809e-04 3.831609e-04 1.857763e-04 2.153200e-04 1.709110e-04 2.595861e-04 2.692177e-04 1.987174e-04 2.374733e-04 9.069143e-05 3.058806e-04 2.218279e-04 1.236833e-04 1.887069e-04 1.417205e-04 2.994550e-04 2.863044e-04 1.445922e-04 1.455604e-04 1.217607e-04 1.938623e-04
1.700000e+01 4.426428e-04 4.223255e-04 2.554170e-04 3.916108e-04 4.155758e-04 4.567712e-04 3.819963e-04 2.675817e-04 4.543176e-04 4.246351e-04 3.705195e-04 4.228536e-04 2.891599e-04 4.847571e-04 3.177333e-04 5.185665e-04 4.605239e-04 4.800492e-04 3.212821e-04 3.614366e-04 3.591547e-04 4.058363e-04 3.295787e-04 2.552824e-04 3.278752e-04 2.446322e-04 2.694788e-04 2.309164e-04 2.154922e-04 1.331381e-04 2.361315e-04 3.045558e-04 3.978855e-04 2.035341e-04 4.116110e-04 1.438228e-04 4.187071e-04 1.445818e-04 3.427984e-04 1.805416e-04 1.431112e-04 2.508151e-04 2.627749e-04 2.788734e-04 2.039568e-04 1.852424e-04 2.071723e-04 2.222043e-04
1.800000e+01 4.213779e-04 6.909258e-04 6.828495e-04 4.429352e-04 4.757580e-04 5.995204e-04 3.630950e-04 3.802659e-04 5.173306e-04 4.210395e-04 4.994693e-04 3.984064e-04 3.377726e-04 4.050223e-04 4.264999e-04 5.864565e-04 5.082961e-04 2.932713e-04 5.163314e-04 4.334715e-04 5.297111e-04 5.639734e-04 4.225406e-04 5.005005e-04 4.099561e-04 3.064430e-04 3.364297e-04 1.254233e-04 3.125206e-04 2.648480e-04 4.483560e-04 1.850855e-04 2.499420e-04 3.207426e-04 4.048732e-04 3.552019e-04 4.108757e-04 2.538209e-04 3.418127e-04 2.459792e-04 3.176557e-04 1.221822e-04 2.083724e-04 2.415556e-04 1.584190e-04 3.043708e-04 2.659683e-04 2.059350e-04
1.900000e+01 5.106756e-04 4.385864e-04 4.554875e-04 4.145394e-04 2.511827e-04 4.517975e-04 4.093663e-04 4.151550e-04 5.102545e-04 4.056669e-04 5.260308e-04 4.780704e-04 3.620166e-04 4.942050e-04 5.669218e-04 4.345257e-04 4.834464e-04 3.067042e-04 3.839965e-04 4.764537e-04 3.931774e-04 4.874848e-04 3.723771e-04 4.183146e-04 3.432560e-04 2.897991e-04 6.057623e-04 3.713607e-04 3.033602e-04 3.116900e-04 4.781139e-04 3.637747e-04 3.010638e-04 3.014024e-04 2.434183e-04 3.271419e-04 1.935427e-04 2.660895e-04 2.702751e-04 2.854645e-04 2.989592e-04 2.168770e-04 2.229564e-04 1.869275e-04 3.213755e-04 3.754496e-04 3.236311e-04 5.492270e-04
2.000000e+01 4.109258e-04 5.515588e-04 3.651051e-04 3.377542e-04 3.253020e-04 3.552546e-04 3.837789e-04 4.263700e-04 3.958971e-04 4.260758e-04 3.721334e-04 5.208413e-04 2.443494e-04 5.309762e-04 4.578827e-04 4.070600e-04 5.268346e-04 3.561824e-04 3.785489e-04 5.105855e-04 3.025490e-04 3.712366e-04 3.896899e-04 4.787420e-04 4.895408e-04 5.285911e-04 2.295113e-04 1.884481e-04 3.515979e-04 3.380602e-04 3.266266e-04 3.612183e-04 3.948667e-04 3.824028e-04 2.637177e-04 3.508772e-04 2.335945e-04 2.800238e-04 2.643358e-04 1.787055e-04 3.175891e-04 2.416761e-04 2.746390e-04 3.030915e-04 2.892502e-04 2.394015e-04 2.545875e-04 3.809066e-04
2.100000e+01 6.049900e-04 4.777032e-04 4.746422e-04 4.978840e-04 4.481793e-04 4.543488e-04 6.019845e-04 2.969247e-04 4.647216e-04 4.129264e-04 3.912427e-04 5.687495e-04 4.711461e-04 5.164191e-04 3.100871e-04 4.025142e-04 3.355437e-04 5.244637e-04 4.989042e-04 2.700562e-04 2.174583e-04 6.195438e-04 6.065730e-04 4.762079e-04 2.006274e-04 2.797985e-04 5.053246e-04 4.755112e-04 1.692429e-04 3.323118e-04 3.012689e-04 3.251240e-04 2.286274e-04 4.743911e-04 2.807319e-04 2.778598e-04 2.193664e-04 3.034360e-04 4.170142e-04 2.444860e-04 2.831157e-04 2.459636e-04 2.962360e-04 2.735069e-04 2.213235e-04 2.874861e-04 2.375156e-04 2.525056e-04
2.200000e+01 6.383512e-04 5.757329e-04 7.347364e-04 4.008016e-04 5.197270e-04 4.258944e-04 4.519823e-04 2.892383e-04 5.286865e-04 5.236551e-04 4.644599e-04 4.852014e-04 5.044483e-04 4.545179e-04 4.685611e-04 5.639126e-04 5.026810e-04 3.186743e-04 4.074150e-04 3.386628e-04 4.121347e-04 6.296663e-04 3.720999e-04 4.003203e-04 4.536382e-04 3.251974e-04 2.593121e-04 2.988476e-04 5.311380e-04 3.941293e-04 3.679244e-04 3.351798e-04 2.747963e-04 4.061343e-04 3.085969e-04 2.286013e-04 2.921012e-04 3.627197e-04 2.484693e-04 3.098373e-04 3.109077e-04 2.287685e-04 2.799944e-04 3.139601e-04 1.946245e-04 2.797203e-04 1.830608e-04 1.763807e-04
2.300000e+01 5.174237e-04 4.304193e-04 5.019001e-04 4.703005e-04 6.127162e-04 5.886615e-04 5.132096e-04 4.500643e-04 3.506167e-04 5.065322e-04 4.406875e-04 5.503675e-04 5.795981e-04 4.580782e-04 5.588533e-04 5.063593e-04 3.909539e-04 3.654192e-04 4.638071e-04 4.253147e-04 4.981231e-04 4.814207e-04 3.569389e-04 3.866478e-04 5.237209e-04 4.326507e-04 2.873047e-04 2.953228e-04 3.168214e-04 3.029959e-04 3.742935e-04 3.661528e-04 4.558125e-04 3.374741e-04 3.063577e-04 4.014645e-04 1.617390e-04 3.238784e-04 4.141383e-04 1.933522e-04 2.215406e-04 3.611350e-04 4.210896e-04 2.444732e-04 2.023510e-04 2.318751e-04 2.372761e-04 3.215499e-04
2.400000e+01 6.338521e-04 4.477478e-04 5.193515e-04 3.809433e-04 4.692522e-04 4.728132e-04 4.075441e-04 5.564087e-04 5.779357e-04 5.561392e-04 6.299477e-04 5.963148e-04 5.658809e-04 5.639431e-04 4.117548e-04 4.635583e-04 2.947939e-04 5.112551e-04 3.977481e-04 4.808848e-04 3.223508e-04 4.246735e-04 4.429561e-04 5.306635e-04 3.836037e-04 3.228989e-04 3.588088e-04 4.118542e-04 3.687384e-04 2.793660e-04 2.831578e-04 2.608971e-04 2.914549e-04 3.659302e-04 3.348855e-04 3.503966e-04 3.499952e-04 2.409097e-04 2.875410e-04 3.033439e-04 2.956213e-04 2.545263e-04 2.572899e-04 2.273681e-04 2.779129e-04 2.011594e-04 1.532362e-04 1.367962e-04
2.500000e+01 6.432295e-04 6.748960e-04 2.905547e-04 5.186605e-04 5.698276e-04 5.409601e-04 4.483458e-04 5.421034e-04 4.449784e-04 6.200291e-04 5.747244e-04 4.592039e-04 6.325111e-04 4.776225e-04 5.160125e-04 5.601986e-04 4.454343e-04 6.045236e-04 3.783866e-04 3.531561e-04 5.924550e-04 4.565978e-04 3.873171e-04 3.341541e-04 3.518092e-04 5.269278e-04 2.857296e-04 3.225113e-04 2.860770e-04 2.213083e-04 3.713055e-04 4.892736e-04 3.895453e-04 4.521777e-04 2.592733e-04 5.045727e-04 5.364130e-04 3.002481e-04 3.354901e-04 3.522662e-04 2.819632e-04 2.425713e-04 3.044397e-04 2.222754e-04 3.484442e-04 1.900845e-04 2.356609e-04 2.466606e-04
2.600000e+01 7.399264e-04 5.082648e-04 6.078763e-04 6.688516e-04 6.758279e-04 7.134703e-04 5.205253e-04 4.945831e-04 4.287778e-04 6.225543e-04 3.833784e-04 5.506271e-04 5.191785e-04 5.736440e-04 5.480711e-04 4.807153e-04 4.067551e-04 6.246282e-04 4.600226e-04 4.552628e-04 4.907674e-04 5.116234e-04 4.884786e-04 4.372770e-04 4.724327e-04 4.382275e-04 3.807590e-04 4.632434e-04 4.832042e-04 5.185331e-04 5.704821e-04 3.333642e-04 3.560253e-04 5.536690e-04 4.666356e-04 3.935526e-04 3.751993e-04 2.510198e-04 3.458793e-04 3.171029e-04 3.317630e-04 3.159835e-04 2.074079e-04 1.012402e-04 2.553105e-04 2.944182e-04 2.228355e-04 2.693433e-04
2.700000e+01 6.215440e-04 5.907547e-04 7.724735e-04 5.635635e-04 5.570658e-04 6.318973e-04 5.957771e-04 5.669068e-04 7.761601e-04 4.739550e-04 4.877076e-04 3.600322e-04 7.305640e-04 5.815161e-04 5.343678e-04 6.147361e-04 3.829339e-04 5.581872e-04 5.534779e-04 4.472739e-04 4.557677e-04 5.819206e-04 4.625347e-04 5.023947e-04 4.708344e-04 4.188262e-04 4.723005e-04 5.428783e-04 4.636647e-04 4.472992e-04 3.752815e-04 3.489568e-04 5.354209e-04 4.283772e-04 3.847422e-04 3.019324e-04 4.405585e-04 3.265484e-04 3.434602e-04 2.342835e-04 3.142431e-04 3.306113e-04 2.452741e-04 3.276709e-04 2.523638e-04 2.542847e-04 2.580024e-04 3.401881e-04
2.800000e+01 6.827492e-04 5.770957e-04 7.164984e-04 6.172295e-04 5.635390e-04 6.920724e-04 7.672346e-04 6.426276e-04 6.617352e-04 6.347564e-04 5.400419e-04 4.410630e-04 5.273260e-04 4.870328e-04 5.817336e-04 4.912943e-04 5.075343e-04 4.793557e-04 5.912943e-04 5.557976e-04 4.926550e-04 5.008575e-04 4.283376e-04 5.395541e-04 5.009853e-04 3.828617e-04 4.529853e-04 4.895362e-04 5.251245e-04 5.533244e-04 4.645346e-04 5.884661e-04 3.660322e-04 4.962597e-04 5.548671e-04 4.537370e-04 4.221710e-04 4.039996e-04 4.183517e-04 4.342499e-04 3.403939e-04 2.666918e-04 2.808617e-04 2.447210e-04 2.923574e-04 2.848430e-04 2.357379e-04 1.537043e-04
2.900000e+01 9.166451e-04 6.601749e-04 6.407518e-04 6.101666e-04 6.172295e-04 6.725825e-04 8.033921e-04 6.538011e-04 7.140307e-04 8.500189e-04 5.867994e-04 5.820982e-04 7.029105e-04 5.906301e-04 5.070891e-04 5.375344e-04 5.080606e-04 6.831798e-04 5.458077e-04 4.418105e-04 5.409710e-04 6.409492e-04 5.304879e-04 3.961603e-04 6.017324e-04 6.336607e-04 5.562605e-04 3.139663e-04 5.594797e-04 5.619811e-04 3.926678e-04 5.171922e-04 4.806836e-04 4.733555e-04 4.202679e-04 5.491488e-04 3.421389e-04 3.147128e-04 3.014873e-04 5.237054e-04 3.535253e-04 3.861541e-04 2.509214e-04 2.969023e-04 3.307799e-04 2.571664e-04 2.168618e-04 3.514997e-04
3.000000e+01 9.152160e-04 5.374953e-04 8.451866e-04 5.541701e-04 6.940939e-04 8.379457e-04 6.066384e-04 6.690306e-04 7.213706e-04 7.139967e-04 6.359675e-04 7.481005e-04 5.577743e-04 7.467112e-04 7.802286e-04 5.853028e-04 7.826499e-04 8.806779e-04 5.988235e-04 7.415767e-04 6.097654e-04 6.610577e-04 4.765663e-04 4.078981e-04 6.693746e-04 4.276008e-04 4.838737e-04 4.524966e-04 5.932129e-04 5.072679e-04 4.712877e-04 4.457440e-04 6.047132e-04 4.434118e-04 4.707246e-04 6.152621e-04 5.265643e-04 4.833685e-04 5.226390e-04 3.991817e-04 4.117486e-04 2.612130e-04 4.019355e-04 2.664159e-04 2.960088e-04 2.430556e-04 2.556673e-04 4.142433e-04
3.100000e+01 7.422492e-04 7.978672e-04 5.966350e-04 6.592365e-04 7.034447e-04 8.212774e-04 7.289596e-04 5.418057e-04 8.697010e-04 6.534769e-04 6.652728e-04 4.223072e-04 6.524677e-04 7.581163e-04 7.467440e-04 6.092053e-04 4.825867e-04 6.400859e-04 7.281458e-04 6.010147e-04 8.546457e-04 6.398830e-04 6.003842e-04 6.539542e-04 4.832596e-04 6.389485e-04 5.701164e-04 5.679920e-04 4.530643e-04 5.935547e-04 6.993863e-04 5.793743e-04 4.805382e-04 6.558191e-04 5.819695e-04 5.030362e-04 5.217047e-04 4.694242e-04 4.993936e-04 5.365364e-04 4.286539e-04 4.267317e-04 4.453112e-04 3.397264e-04 3.441049e-04 1.804580e-04 3.280953e-04 3.216196e-04
3.200000e+01 6.341509e-04 9.319664e-04 8.753161e-04 9.332804e-04 6.996749e-04 6.405329e-04 6.544364e-04 7.286216e-04 7.367121e-04 7.142379e-04 7.872422e-04 6.394922e-04 1.051893e-03 8.620891e-04 7.577615e-04 5.471298e-04 6.270903e-04 5.634937e-04 7.466401e-04 5.923001e-04 6.366498e-04 7.095859e-04 7.002481e-04 8.087343e-04 5.791936e-04 6.188679e-04 4.569827e-04 6.500301e-04 4.681413e-04 6.274619e-04 5.589617e-04 5.070285e-04 5.607308e-04 5.497429e-04 3.706907e-04 4.029644e-04 4.825134e-04 6.266225e-04 3.416037e-04 2.481038e-04 4.627170e-04 5.271655e-04 3.354528e-04 3.071112e-04 3.545115e-04 2.964627e-04 3.759829e-04 3.264324e-04
3.300000e+01 9.188786e-04 1.097940e-03 9.509500e-04 8.356979e-04 6.953412e-04 1.009144e-03 7.476556e-04 7.387863e-04 8.609652e-04 7.797440e-04 1.069543e-03 9.201903e-04 9.211801e-04 5.612197e-04 6.526807e-04 7.999111e-04 1.068329e-03 6.907812e-04 8.685114e-04 6.037139e-04 8.893632e-04 8.839545e-04 7.576979e-04 6.083650e-04 7.638962e-04 7.720059e-04 6.495861e-04 5.339354e-04 7.934493e-04 7.369320e-04 7.502792e-04 4.717476e-04 6.463221e-04 4.871624e-04 5.122679e-04 5.439646e-04 5.227938e-04 3.562015e-04 6.962669e-04 6.073815e-04 7.023705e-04 4.795588e-04 4.280963e-04 5.787566e-04 3.221798e-04 2.615787e-04 2.951640e-04 4.067355e-04
3.400000e+01 8.272506e-04 1.160595e-03 9.683607e-04 8.738270e-04 7.576788e-04 6.560506e-04 7.847510e-04 7.906152e-04 8.229932e-04 9.053970e-04 6.492382e-04 9.117189e-04 9.407127e-04 9.915014e-04 9.812626e-04 7.894676e-04 8.404291e-04 7.857174e-04 8.825198e-04 8.519961e-04 7.709136e-04 9.877909e-04 6.188009e-04 6.601191e-04 9.277425e-04 7.494117e-04 6.839742e-04 6.504901e-04 6.413389e-04 6.039319e-04 8.545576e-04 6.982509e-04 7.154324e-04 5.580260e-04 5.031266e-04 6.148333e-04 5.588348e-04 5.557196e-04 6.212393e-04 4.084822e-04 3.895184e-04 6.496243e-04 7.021991e-04 3.459980e-04 5.168666e-04 3.984003e-04 3.987547e-04 3.407472e-04
3.500000e+01 1.414511e-03 1.215520e-03 1.125697e-03 1.041860e-03 8.545710e-04 9.138102e-04 7.372427e-04 9.291761e-04 7.911900e-04 8.441846e-04 1.125306e-03 1.165451e-03 9.992450e-04 9.411132e-04 9.453136e-04 9.784964e-04 8.788159e-04 1.018781e-03 9.193390e-04 6.108092e-04 7.714013e-04 1.020557e-03 8.689642e-04 9.004555e-04 7.727851e-04 7.149268e-04 8.707663e-04 7.296879e-04 6.053544e-04 7.182700e-04 8.108624e-04 7.211861e-04 6.805095e-04 9.403079e-04 7.480733e-04 4.648336e-04 6.122735e-04 7.311341e-04 6.063861e-04 6.710106e-04 4.751597e-04 6.371907e-04 5.447102e-04 6.843105e-04 4.936809e-04 5.313254e-04 4.276115e-04 4.125728e-04
3.600000e+01 1.306450e-03 1.218027e-03 9.409932e-04 1.055382e-03 1.134187e-03 1.254681e-03 8.571150e-04 9.358076e-04 8.466002e-04 1.091516e-03 1.012082e-03 1.078559e-03 9.700576e-04 9.999333e-04 8.519033e-04 8.959517e-04 9.516736e-04 9.715925e-04 1.132880e-03 1.075646e-03 6.953663e-04 7.510708e-04 6.664584e-04 9.863295e-04 9.182736e-04 1.014672e-03 7.764566e-04 6.613558e-04 8.789048e-04 7.118192e-04 9.777411e-04 8.114817e-04 7.379207e-04 8.192863e-04 1.024893e-03 6.583849e-04 6.935429e-04 7.147464e-04 6.953378e-04 6.899407e-04 5.264451e-04 5.454098e-04 6.203254e-04 4.036929e-04 4.958452e-04 6.733896e-04 5.455951e-04 5.325705e-04
3.700000e+01 1.494797e-03 1.170595e-03 1.121010e-03 1.232306e-03 1.350042e-03 1.005456e-03 1.087766e-03 1.129569e-03 1.056345e-03 1.198174e-03 8.775121e-04 1.052742e-03 1.054899e-03 1.207808e-03 1.155273e-03 1.318819e-03 1.293874e-03 1.277822e-03 9.978419e-04 1.180506e-03 1.054227e-03 1.157870e-03 1.054638e-03 9.152366e-04 6.514272e-04 9.712853e-04 8.544115e-04 1.005791e-03 8.423586e-04 7.157662e-04 9.694032e-04 8.102117e-04 7.641974e-04 1.021211e-03 8.355964e-04 8.657559e-04 8.287007e-04 4.795311e-04 5.743525e-04 8.822308e-04 6.512760e-04 4.564366e-04 5.278066e-04 7.270148e-04 4.564366e-04 6.314424e-04 4.913522e-04 5.890438e-04
3.800000e+01 1.661450e-03 1.208378e-03 1.171646e-03 1.867248e-03 1.265576e-03 1.248439e-03 1.141168e-03 1.336209e-03 1.149515e-03 1.235749e-03 1.135332e-03 1.110755e-03 9.468103e-04 1.296390e-03 1.101060e-03 1.240667e-03 1.137555e-03 1.035270e-03 1.142484e-03 1.209555e-03 1.181585e-03 1.252059e-03 1.305648e-03 8.914100e-04 1.040020e-03 1.105234e-03 9.903441e-04 1.145401e-03 9.007771e-04 9.633766e-04 9.095518e-04 8.186035e-04 9.171647e-04 8.433045e-04 7.187510e-04 9.715138e-04 9.329648e-04 6.546307e-04 7.277374e-04 9.701001e-04 6.883378e-04 6.682316e-04 6.147145e-04 8.095029e-04 7.435997e-04 7.017421e-04 4.433002e-04 5.880623e-04
3.900000e+01 1.193984e-03 1.720472e-03 1.574289e-03 1.347735e-03 1.534889e-03 1.316538e-03 1.095043e-03 1.179003e-03 1.184834e-03 1.481626e-03 1.534323e-03 1.216972e-03 1.238099e-03 1.052277e-03 1.384068e-03 1.120448e-03 1.436052e-03 1.049248e-03 1.203568e-03 1.122046e-03 1.303751e-03 1.314587e-03 1.098660e-03 1.200152e-03 1.316669e-03 1.165525e-03 9.675763e-04 1.132763e-03 9.371314e-04 8.253599e-04 8.735071e-04 1.134091e-03 9.398639e-04 7.489377e-04 1.143765e-03 8.835837e-04 9.697138e-04 8.288867e-04 1.015648e-03 8.670571e-04 7.756080e-04 7.742335e-04 7.545358e-04 8.082938e-04 7.204231e-04 8.139000e-04 8.058018e-04 5.441899e-04
4.000000e+01 1.793672e-03 1.444669e-03 1.780014e-03 1.612934e-03 1.582557e-03 1.595870e-03 1.287778e-03 1.321280e-03 1.179665e-03 1.071258e-03 1.559606e-03 1.334449e-03 1.381700e-03 1.452681e-03 1.599899e-03 1.775459e-03 1.397910e-03 1.481023e-03 1.364775e-03 1.017270e-03 1.309268e-03 1.304297e-03 1.493369e-03 1.032831e-03 1.390030e-03 1.540301e-03 7.717337e-04 1.146177e-03 1.169238e-03 1.229256e-03 9.640545e-04 1.190171e-03 1.090024e-03 1.167073e-03 1.205647e-03 8.251218e-04 9.814032e-04 1.020956e-03 9.666506e-04 6.873797e-04 8.273337e-04 7.416350e-04 6.884208e-04 8.748606e-04 8.261848e-04 6.149197e-04 7.235507e-04 8.559849e-04
4.100000e+01 1.851509e-03 1.443482e-03 1.561747e-03 1.935621e-03 1.614236e-03 1.781066e-03 1.228915e-03 1.402044e-03 1.496329e-03 1.442596e-03 1.701949e-03 1.326182e-03 1.552826e-03 1.485731e-03 1.262410e-03 1.030299e-03 1.662220e-03 1.464003e-03 1.263494e-03 1.210491e-03 1.443479e-03 1.683699e-03 1.722372e-03 1.226283e-03 1.713796e-03 1.454683e-03 1.096358e-03 1.001920e-03 1.561913e-03 1.117259e-03 1.246056e-03 9.799418e-04 1.055266e-03 1.134718e-03 1.151097e-03 1.021357e-03 1.076835e-03 1.014334e-03 9.349516e-04 1.325256e-03 1.180920e-03 7.041882e-04 9.141714e-04 9.989150e-04 1.028278e-03 6.855335e-04 6.841985e-04 5.986759e-04
4.200000e+01 1.915884e-03 2.314729e-03 1.870544e-03 1.793186e-03 1.860609e-03 1.675235e-03 1.492361e-03 2.298805e-03 1.371317e-03 1.670989e-03 1.686151e-03 1.702209e-03 1.579686e-03 1.893071e-03 1.900395e-03 1.623099e-03 1.447968e-03 1.095074e-03 1.424717e-03 1.822263e-03 1.458315e-03 1.539081e-03 1.427234e-03 1.816277e-03 1.449082e-03 1.715266e-03 1.435174e-03 1.321917e-03 1.377497e-03 1.701690e-03 1.366387e-03 1.068636e-03 1.347874e-03 1.221388e-03 1.208883e-03 1.286495e-03 1.355282e-03 1.140630e-03 1.279984e-03 1.072071e-03 1.115478e-03 9.423456e-04 1.232416e-03 1.070350e-03 1.068063e-03 7.715123e-04 9.120887e-04 9.629357e-04
4.300000e+01 2.400268e-03 1.898954e-03 2.133106e-03 2.002002e-03 2.142195e-03 1.961965e-03 2.102786e-03 1.650846e-03 2.084078e-03 2.073774e-03 1.812005e-03 1.817773e-03 1.912960e-03 1.405948e-03 2.153754e-03 2.043808e-03 1.854694e-03 1.617851e-03 1.689337e-03 1.578651e-03 2.002047e-03 1.841124e-03 1.965474e-03 1.871433e-03 2.051043e-03 1.583973e-03 1.387574e-03 1.690510e-03 1.221971e-03 1.337513e-03 1.387567e-03 1.473722e-03 1.506927e-03 1.669628e-03 1.371163e-03 1.505867e-03 1.315571e-03 1.250038e-03 7.296491e-04 1.129437e-03 1.069759e-03 1.132717e-03 9.606148e-04 1.092492e-03 1.277624e-03 1.377316e-03 9.941210e-04 1.033058e-03
4.400000e+01 2.441070e-03 2.384901e-03 2.231816e-03 2.338356e-03 2.412948e-03 1.935097e-03 1.852538e-03 2.337216e-03 2.183922e-03 2.028438e-03 2.092974e-03 1.935686e-03 1.950853e-03 1.991994e-03 2.188697e-03 1.935510e-03 2.124193e-03 2.006875e-03 1.832698e-03 2.176590e-03 2.034676e-03 2.050185e-03 1.820020e-03 1.870752e-03 1.569969e-03 2.146924e-03 1.720747e-03 1.631285e-03 1.502264e-03 1.732714e-03 1.484952e-03 1.489159e-03 1.457441e-03 1.880339e-03 1.471512e-03 1.505729e-03 1.595538e-03 1.316586e-03 1.357949e-03 1.346641e-03 1.325491e-03 1.397974e-03 1.305842e-03 1.252982e-03 1.496716e-03 1.209378e-03 1.015491e-03 9.076275e-04
4.500000e+01 2.610162e-03 2.687018e-03 2.277649e-03 2.253449e-03 2.063044e-03 2.455220e-03 2.603711e-03 1.777101e-03 2.629391e-03 2.306237e-03 2.288922e-03 1.865458e-03 2.058942e-03 2.028436e-03 2.358491e-03 2.150033e-03 1.975378e-03 1.881954e-03 2.012202e-03 1.794726e-03 1.938369e-03 1.949318e-03 2.051145e-03 2.022927e-03 1.943727e-03 2.016696e-03 1.962388e-03 1.745240e-03 1.764563e-03 1.885473e-03 1.531425e-03 1.590790e-03 1.808103e-03 2.098636e-03 1.687791e-03 1.624446e-03 1.687026e-03 1.850111e-03 1.681589e-03 1.815685e-03 1.297325e-03 1.624399e-03 1.365742e-03 1.186872e-03 1.408499e-03 1.445163e-03 1.346453e-03 1.221547e-03
4.600000e+01 2.824334e-03 2.797050e-03 2.507157e-03 3.045704e-03 2.423931e-03 2.792516e-03 2.896168e-03 2.122935e-03 2.442885e-03 2.286999e-03 2.683451e-03 2.889079e-03 2.391287e-03 2.653631e-03 2.426135e-03 2.187260e-03 2.286451e-03 2.297381e-03 2.157005e-03 2.016994e-03 2.071750e-03 1.918709e-03 1.756783e-03 1.986341e-03 1.914285e-03 2.443538e-03 2.136602e-03 1.943475e-03 1.681690e-03 1.900259e-03 1.633814e-03 2.389120e-03 2.011777e-03 1.948233e-03 1.815237e-03 2.044359e-03 1.778623e-03 1.598552e-03 1.733776e-03 1.636314e-03 1.540785e-03 1.599392e-03 1.212927e-03 1.592825e-03 1.755201e-03 1.495179e-03 1.356613e-03 1.362374e-03
4.700000e+01 3.195800e-03 2.662496e-03 2.911897e-03 2.848202e-03 2.491850e-03 3.091304e-03 2.750543e-03 2.941507e-03 2.516779e-03 2.662647e-03 2.755997e-03 2.491300e-03 3.171943e-03 2.692586e-03 2.765041e-03 2.429196e-03 2.398404e-03 2.506658e-03 2.405388e-03 2.806478e-03 2.599467e-03 2.307904e-03 2.802047e-03 2.019763e-03 2.368080e-03 1.940871e-03 2.282834e-03 2.234926e-03 2.438224e-03 1.842738e-03 2.058433e-03 2.251104e-03 2.270357e-03 2.285307e-03 2.188619e-03 1.922461e-03 1.802943e-03 1.826975e-03 1.917386e-03 1.958293e-03 1.952829e-03 1.908280e-03 1.649511e-03 1.563956e-03 1.610334e-03 1.722683e-03 1.735723e-03 1.619861e-03
4.800000e+01 3.877622e-03 3.318457e-03 3.691688e-03 3.428530e-03 3.041682e-03 3.846443e-03 2.980047e-03 2.382560e-03 3.022906e-03 2.971071e-03 2.903099e-03 2.527658e-03 3.010080e-03 3.598920e-03 2.879900e-03 2.733629e-03 2.917372e-03 2.732135e-03 2.615022e-03 2.773535e-03 2.957040e-03 2.605849e-03 2.481442e-03 2.850577e-03 2.327554e-03 2.417243e-03 2.576854e-03 2.643612e-03 2.311212e-03 1.974009e-03 2.047014e-03 2.548872e-03 2.149622e-03 2.295270e-03 2.141148e-03 2.585778e-03 2.387485e-03 2.341159e-03 2.152257e-03 2.388294e-03 2.018993e-03 1.713523e-03 1.636987e-03 1.858559e-03 1.782472e-03 1.611813e-03 2.066578e-03 1.942682e-03
4.900000e+01 3.748792e-03 3.773585e-03 3.747323e-03 3.777113e-03 3.293024e-03 3.295296e-03 3.452244e-03 3.468487e-03 3.793712e-03 3.255061e-03 3.095611e-03 3.203868e-03 2.728832e-03 2.484102e-03 3.428984e-03 3.244828e-03 3.019080e-03 2.868736e-03 2.952243e-03 2.680490e-03 3.324066e-03 2.590024e-03 3.019910e-03 2.654491e-03 2.326045e-03 2.701761e-03 3.115125e-03 2.402593e-03 2.886726e-03 2.551020e-03 2.329850e-03 2.633771e-03 2.220692e-03 3.192712e-03 2.851809e-03 2.518680e-03 2.529780e-03 2.693302e-03 2.313344e-03 2.062998e-03 2.163192e-03 2.110936e-03 1.959266e-03 1.869703e-03 2.147869e-03 2.150323e-03 1.993655e-03 1.947806e-03
5.000000e+01 4.419845e-03 4.001268e-03 3.941617e-03 4.025456e-03 4.032107e-03 3.928119e-03 3.727390e-03 3.840696e-03 3.108191e-03 3.430726e-03 3.207668e-03 3.142369e-03 3.311062e-03 3.220580e-03 3.185221e-03 4.233802e-03 3.201373e-03 3.098046e-03 3.368724e-03 2.944310e-03 3.120495e-03 3.371694e-03 3.452172e-03 2.466732e-03 2.744914e-03 3.015521e-03 3.056635e-03 2.361939e-03 2.701598e-03 2.298465e-03 3.004779e-03 2.947488e-03 3.022715e-03 2.778642e-03 2.644826e-03 2.568053e-03 2.604878e-03 2.832466e-03 2.431698e-03 2.968279e-03 2.371493e-03 2.530150e-03 2.281529e-03 2.297382e-03 2.148195e-03 2.359393e-03 2.535996e-03 2.273122e-03
5.100000e+01 4.646724e-03 3.949753e-03 4.214963e-03 4.481409e-03 3.828837e-03 3.991490e-03 3.966863e-03 3.608805e-03 4.003339e-03 4.177546e-03 4.062583e-03 3.688711e-03 3.661345e-03 3.065907e-03 3.698341e-03 3.671555e-03 4.003863e-03 3.359870e-03 3.304588e-03 2.964540e-03 3.475661e-03 3.013063e-03 3.077920e-03 3.669840e-03 3.836234e-03 3.391783e-03 3.224013e-03 2.847443e-03 3.309022e-03 2.437358e-03 3.210427e-03 2.538372e-03 3.307035e-03 2.690664e-03 2.537676e-03 2.924226e-03 3.189563e-03 2.378246e-03 3.056699e-03 2.953496e-03 2.922306e-03 2.992303e-03 2.748170e-03 2.227138e-03 2.225983e-03 2.305600e-03 2.492092e-03 2.189647e-03
5.200000e+01 5.158149e-03 5.163010e-03 4.736434e-03 4.904697e-03 4.323305e-03 5.038513e-03 4.433498e-03 4.443210e-03 4.077045e-03 4.755293e-03 4.045095e-03 3.981949e-03 3.775804e-03 4.123915e-03 3.824205e-03 3.862821e-03 3.720446e-03 4.981144e-03 3.490633e-03 3.811719e-03 4.075026e-03 3.875441e-03 3.537220e-03 3.328260e-03 3.889660e-03 3.285251e-03 2.483834e-03 4.030642e-03 3.272136e-03 3.814468e-03 2.922775e-03 3.005169e-03 3.253229e-03 3.289941e-03 3.236319e-03 3.050342e-03 2.737148e-03 3.339242e-03 2.383212e-03 2.802186e-03 3.563626e-03 3.107774e-03 3.015775e-03 2.726580e-03 2.562788e-03 2.612362e-03 2.648150e-03 2.145064e-03
5.300000e+01 5.778518e-03 4.606765e-03 5.500136e-03 5.144391e-03 4.530148e-03 4.363191e-03 4.700033e-03 4.470400e-03 4.591846e-03 4.210526e-03 4.868270e-03 4.117702e-03 4.052511e-03 4.429489e-03 4.417854e-03 4.492327e-03 4.461303e-03 4.076633e-03 4.904345e-03 3.987653e-03 3.791520e-03 3.958692e-03 4.084744e-03 4.105385e-03 4.008220e-03 4.008270e-03 3.297015e-03 3.581693e-03 4.044783e-03 3.304693e-03 3.241014e-03 3.502747e-03 3.181796e-03 3.404357e-03 3.248832e-03 2.926365e-03 3.169855e-03 3.530998e-03 3.061393e-03 2.996539e-03 3.302113e-03 2.891575e-03 3.002954e-03 2.886003e-03 3.068655e-03 2.811196e-03 3.058385e-03 2.577280e-03
5.400000e+01 5.937835e-03 5.764177e-03 5.084181e-03 4.751992e-03 5.431763e-03 5.552761e-03 5.318938e-03 4.918705e-03 4.871805e-03 4.946706e-03 4.591650e-03 4.772401e-03 4.266324e-03 4.450472e-03 4.883166e-03 4.552412e-03 4.766939e-03 4.482003e-03 4.176503e-03 5.372077e-03 4.372518e-03 4.053789e-03 4.183619e-03 4.059221e-03 4.201260e-03 3.780680e-03 3.791730e-03 4.092799e-03 4.000946e-03 3.770959e-03 3.972721e-03 4.200727e-03 3.445345e-03 3.407443e-03 3.671912e-03 3.088326e-03 3.294556e-03 3.512619e-03 3.648695e-03 3.791096e-03 3.102902e-03 3.749825e-03 3.474973e-03 3.356422e-03 3.002816e-03 3.364943e-03 2.893501e-03 3.003877e-03
5.500000e+01 6.975313e-03 5.694319e-03 6.370377e-03 5.839997e-03 5.487432e-03 5.809266e-03 5.593499e-03 4.769888e-03 5.894333e-03 5.106056e-03 5.120126e-03 4.938081e-03 4.909133e-03 4.637253e-03 5.728299e-03 4.847765e-03 4.450742e-03 4.628702e-03 4.621549e-03 4.901266e-03 5.030778e-03 4.626592e-03 4.499740e-03 4.372279e-03 4.701393e-03 4.620515e-03 4.655169e-03 4.927782e-03 4.085667e-03 4.297035e-03 4.414017e-03 3.502938e-03 4.171796e-03 3.984706e-03 3.802834e-03 4.631509e-03 4.305116e-03 3.439400e-03 4.060026e-03 4.446927e-03 3.650846e-03 3.717394e-03 3.642364e-03 3.920152e-03 3.778379e-03 3.462960e-03 3.161788e-03 3.505737e-03
5.600000e+01 7.098674e-03 7.267475e-03 7.129545e-03 7.027768e-03 6.503346e-03 6.451339e-03 5.314936e-03 5.964862e-03 6.310223e-03 5.771807e-03 6.089688e-03 5.410909e-03 5.155838e-03 5.840263e-03 5.417015e-03 5.236610e-03 5.420158e-03 5.587152e-03 5.338329e-03 5.102956e-03 5.816673e-03 5.955315e-03 5.001267e-03 4.448286e-03 4.618447e-03 4.761058e-03 4.678740e-03 5.064855e-03 4.335476e-03 4.474421e-03 3.990544e-03 3.777340e-03 4.179635e-03 3.821685e-03 3.673073e-03 4.028735e-03 4.288452e-03 4.677581e-03 3.908393e-03 4.250056e-03 4.362589e-03 4.260626e-03 3.307257e-03 3.736015e-03 4.330495e-03 4.682252e-03 4.161842e-03 3.722962e-03
5.700000e+01 7.250498e-03 6.942688e-03 7.704907e-03 6.897907e-03 6.965260e-03 7.493808e-03 6.830835e-03 6.346347e-03 6.221476e-03 6.448623e-03 6.409876e-03 6.433111e-03 6.290023e-03 6.030424e-03 6.067324e-03 5.479400e-03 5.681708e-03 5.756452e-03 5.419890e-03 6.492062e-03 5.271703e-03 5.338843e-03 5.840591e-03 5.143003e-03 5.331839e-03 5.451336e-03 4.925619e-03 4.820448e-03 4.263157e-03 5.335676e-03 4.959263e-03 4.744081e-03 4.427491e-03 4.879679e-03 5.092911e-03 4.998727e-03 4.816346e-03 4.350125e-03 4.597701e-03 4.416880e-03 4.165447e-03 4.416676e-03 4.318978e-03 4.441045e-03 4.257217e-03 4.928258e-03 4.536919e-03 4.394225e-03
5.800000e+01 8.682476e-03 8.349436e-03 8.555309e-03 8.062830e-03 7.424981e-03 7.057240e-03 7.220371e-03 7.774643e-03 7.392742e-03 7.321638e-03 7.396300e-03 6.591262e-03 6.956759e-03 7.237820e-03 6.926644e-03 6.758473e-03 6.614898e-03 6.488461e-03 5.989305e-03 6.138698e-03 6.270997e-03 5.742610e-03 5.978428e-03 6.404543e-03 6.035394e-03 6.229341e-03 5.616225e-03 5.883291e-03 4.680600e-03 5.150036e-03 5.855507e-03 5.360678e-03 5.331469e-03 5.602879e-03 4.721203e-03 5.686789e-03 5.249832e-03 5.349553e-03 4.990718e-03 4.755614e-03 4.077332e-03 4.693670e-03 4.989740e-03 4.964806e-03 4.120498e-03 5.449370e-03 4.839741e-03 4.803523e-03
5.900000e+01 9.938707e-03 8.948492e-03 8.843815e-03 9.037758e-03 8.262722e-03 8.165885e-03 8.559357e-03 8.192139e-03 8.075020e-03 7.620301e-03 6.797927e-03 7.160927e-03 6.974367e-03 7.834228e-03 6.530048e-03 6.753165e-03 7.032708e-03 6.313473e-03 6.205587e-03 6.007475e-03 6.398500e-03 6.554556e-03 6.687201e-03 6.321922e-03 7.806483e-03 6.123604e-03 6.288159e-03 5.788400e-03 5.995949e-03 5.762629e-03 6.030507e-03 5.783602e-03 5.456050e-03 5.441699e-03 5.559623e-03 5.654662e-03 5.642923e-03 5.205780e-03 5.593719e-03 4.986083e-03 5.550616e-03 5.506987e-03 5.183106e-03 4.840565e-03 4.820748e-03 4.884110e-03 5.998409e-03 5.553824e-03
6.000000e+01 1.106212e-02 9.598066e-03 1.026468e-02 9.668040e-03 1.025557e-02 9.851752e-03 8.294024e-03 8.671285e-03 8.085494e-03 9.028901e-03 8.290421e-03 7.804837e-03 7.417605e-03 7.881317e-03 8.477417e-03 8.034300e-03 7.188261e-03 7.609748e-03 7.110248e-03 7.712588e-03 7.199481e-03 7.051492e-03 7.111936e-03 6.854485e-03 6.491480e-03 8.153598e-03 6.676903e-03 6.676599e-03 6.173448e-03 6.432489e-03 6.305585e-03 5.878895e-03 6.205500e-03 6.662629e-03 5.577478e-03 6.179220e-03 6.240707e-03 6.564602e-03 6.185132e-03 6.101762e-03 5.595117e-03 5.778955e-03 5.668203e-03 5.008081e-03 5.341298e-03 5.747491e-03 5.355875e-03 5.659333e-03
6.100000e+01 1.104539e-02 1.194583e-02 1.120267e-02 1.159292e-02 1.017687e-02 1.006003e-02 1.031640e-02 8.840975e-03 9.429347e-03 8.711981e-03 9.195352e-03 9.430915e-03 8.624135e-03 8.660246e-03 9.673887e-03 8.603219e-03 8.131347e-03 8.442683e-03 7.612291e-03 7.787735e-03 8.048848e-03 8.178866e-03 8.147522e-03 8.374446e-03 7.616975e-03 7.825578e-03 8.733624e-03 6.639321e-03 6.978768e-03 7.140874e-03 7.340119e-03 6.350454e-03 7.148581e-03 7.287609e-03 5.960041e-03 6.372668e-03 7.148457e-03 6.810417e-03 6.531222e-03 5.629225e-03 6.528058e-03 5.946458e-03 5.684705e-03 6.415750e-03 6.220555e-03 6.135373e-03 6.137836e-03 6.562898e-03
6.200000e+01 1.246132e-02 1.127372e-02 1.303873e-02 1.161121e-02 1.066487e-02 1.099526e-02 1.044644e-02 1.029936e-02 1.016348e-02 1.098408e-02 1.076144e-02 1.052374e-02 1.001913e-02 9.705446e-03 1.087884e-02 9.509366e-03 9.114766e-03 9.390500e-03 8.986550e-03 7.952765e-03 8.531515e-03 8.908775e-03 8.207197e-03 7.529901e-03 7.775920e-03 8.615168e-03 7.764860e-03 9.051889e-03 7.013678e-03 8.062414e-03 7.272291e-03 7.776462e-03 7.450572e-03 6.990333e-03 7.267762e-03 7.392793e-03 6.964997e-03 7.974223e-03 7.162672e-03 7.356214e-03 6.865151e-03 6.777984e-03 6.416825e-03 7.674373e-03 6.738796e-03 7.560959e-03 5.950938e-03 5.618098e-03
6.300000e+01 1.379273e-02 1.466600e-02 1.443040e-02 1.337202e-02 1.326138e-02 1.280339e-02 1.271610e-02 1.292978e-02 1.235617e-02 1.250229e-02 1.108391e-02 1.133182e-02 1.226525e-02 1.122881e-02 1.124004e-02 1.055331e-02 1.053023e-02 1.010326e-02 9.705469e-03 9.240267e-03 9.768430e-03 1.008817e-02 9.014278e-03 8.515693e-03 9.135482e-03 9.199032e-03 9.397987e-03 8.885299e-03 9.365624e-03 8.048467e-03 7.810300e-03 8.286904e-03 8.838098e-03 7.963452e-03 7.674876e-03 7.779428e-03 8.412174e-03 7.793604e-03 7.387665e-03 7.517766e-03 7.783657e-03 7.573964e-03 6.870628e-03 7.514181e-03 7.541626e-03 7.110840e-03 7.039481e-03 6.732664e-03
6.400000e+01 1.541106e-02 1.491751e-02 1.624832e-02 1.506612e-02 1.396193e-02 1.516166e-02 1.396562e-02 1.465090e-02 1.358876e-02 1.464097e-02 1.298882e-02 1.176471e-02 1.041245e-02 1.243166e-02 1.250000e-02 1.187931e-02 1.255594e-02 1.102204e-02 1.128249e-02 1.148805e-02 1.067601e-02 1.121533e-02 1.051533e-02 9.262841e-03 1.039493e-02 1.002051e-02 1.022530e-02 9.452234e-03 9.639483e-03 1.119934e-02 9.021969e-03 9.321057e-03 9.222288e-03 9.327391e-03 8.764520e-03 8.307149e-03 8.936132e-03 8.409926e-03 8.538344e-03 8.930040e-03 8.980733e-03 8.094866e-03 8.210571e-03 7.745331e-03 8.240127e-03 7.992895e-03 6.785672e-03 7.381363e-03
6.500000e+01 1.768108e-02 1.752347e-02 1.649032e-02 1.589246e-02 1.642045e-02 1.615347e-02 1.497892e-02 1.544482e-02 1.517093e-02 1.384986e-02 1.497876e-02 1.291143e-02 1.360497e-02 1.400344e-02 1.255057e-02 1.333722e-02 1.282612e-02 1.217339e-02 1.221674e-02 1.222529e-02 1.212734e-02 1.157254e-02 1.100239e-02 1.148634e-02 1.162027e-02 1.130221e-02 1.032073e-02 1.094500e-02 1.080794e-02 9.933130e-03 1.259791e-02 9.366925e-03 1.024008e-02 9.615975e-03 9.989759e-03 1.001851e-02 9.510605e-03 9.676043e-03 9.798710e-03 9.103292e-03 9.676580e-03 8.699264e-03 9.004073e-03 8.482314e-03 8.714102e-03 8.927013e-03 9.090232e-03 8.471350e-03
6.600000e+01 1.898906e-02 2.011503e-02 1.994209e-02 1.775909e-02 1.771318e-02 1.724042e-02 1.760544e-02 1.746806e-02 1.741803e-02 1.696853e-02 1.564232e-02 1.543116e-02 1.529992e-02 1.599869e-02 1.498506e-02 1.446478e-02 1.307279e-02 1.406457e-02 1.414664e-02 1.436162e-02 1.347827e-02 1.206127e-02 1.325334e-02 1.312773e-02 1.196697e-02 1.317099e-02 1.129557e-02 1.133273e-02 1.097878e-02 1.052089e-02 1.083940e-02 1.407183e-02 1.008324e-02 1.026639e-02 1.072939e-02 9.920007e-03 1.129859e-02 1.105093e-02 1.042540e-02 9.261419e-03 9.724917e-03 9.659647e-03 1.010641e-02 9.689130e-03 1.021643e-02 9.861883e-03 9.554701e-03 9.069045e-03
6.700000e+01 2.200534e-02 2.188372e-02 2.259344e-02 2.200879e-02 2.011745e-02 2.024387e-02 1.918268e-02 2.033370e-02 1.981798e-02 1.871508e-02 1.853710e-02 1.735214e-02 1.722946e-02 1.686194e-02 1.639305e-02 1.575317e-02 1.681503e-02 1.607496e-02 1.626563e-02 1.469357e-02 1.482139e-02 1.490045e-02 1.422331e-02 1.352982e-02 1.390941e-02 1.226625e-02 1.375241e-02 1.356756e-02 1.237910e-02 1.164471e-02 1.365978e-02 1.224851e-02 1.365901e-02 1.272395e-02 1.109036e-02 1.232255e-02 1.139534e-02 1.135207e-02 1.229237e-02 1.061736e-02 1.147376e-02 1.151301e-02 9.655903e-03 9.980743e-03 9.865384e-03 9.692104e-03 1.028516e-02 1.073413e-02
6.800000e+01 2.544578e-02 2.511980e-02 2.313770e-02 2.548697e-02 2.400787e-02 2.222749e-02 2.122557e-02 2.116203e-02 2.170582e-02 2.118493e-02 2.171314e-02 1.919655e-02 1.851225e-02 1.888017e-02 1.875537e-02 1.820289e-02 1.762187e-02 1.743253e-02 1.717860e-02 1.745840e-02 1.648646e-02 1.634561e-02 1.519379e-02 1.549151e-02 1.578699e-02 1.580994e-02 1.457799e-02 1.608346e-02 1.477017e-02 1.455357e-02 1.313371e-02 1.394370e-02 1.278206e-02 1.637356e-02 1.320884e-02 1.295816e-02 1.251554e-02 1.203030e-02 1.324967e-02 1.188485e-02 1.139509e-02 1.131307e-02 1.112427e-02 1.173042e-02 1.143210e-02 1.053278e-02 1.172492e-02 1.135330e-02
6.900000e+01 2.765812e-02 2.679631e-02 2.846713e-02 2.507787e-02 2.449245e-02 2.606918e-02 2.412454e-02 2.316331e-02 2.464799e-02 2.289855e-02 2.182328e-02 2.325646e-02 2.399385e-02 2.118307e-02 2.162134e-02 2.010264e-02 1.858864e-02 1.944945e-02 1.966798e-02 1.924855e-02 1.989820e-02 1.881440e-02 1.721639e-02 1.730141e-02 1.654831e-02 1.649870e-02 1.719539e-02 1.575088e-02 1.612834e-02 1.417690e-02 1.536844e-02 1.536357e-02 1.498644e-02 1.563738e-02 1.486403e-02 1.307840e-02 1.394248e-02 1.555683e-02 1.335512e-02 1.309231e-02 1.356214e-02 1.321084e-02 1.272453e-02 1.249413e-02 1.272946e-02 1.235486e-02 1.261650e-02 1.279685e-02
7.000000e+01 3.091801e-02 3.172989e-02 3.180498e-02 3.038983e-02 2.771476e-02 3.013526e-02 3.009602e-02 2.736620e-02 2.731848e-02 2.647085e-02 2.546639e-02 2.436996e-02 2.412169e-02 2.468651e-02 2.481055e-02 2.353798e-02 2.308692e-02 2.219001e-02 2.103119e-02 2.183341e-02 2.162945e-02 2.096614e-02 1.908158e-02 2.000769e-02 1.985188e-02 1.951610e-02 1.965765e-02 1.889871e-02 1.657207e-02 1.764229e-02 1.742838e-02 1.699877e-02 1.687553e-02 1.750828e-02 1.506994e-02 1.834502e-02 1.568940e-02 1.478568e-02 1.540522e-02 1.428414e-02 1.454603e-02 1.403029e-02 1.404904e-02 1.357543e-02 1.335174e-02 1.337351e-02 1.387440e-02 1.490705e-02
7.100000e+01 3.615714e-02 3.358929e-02 3.804934e-02 3.225129e-02 3.466017e-02 3.185661e-02 3.108719e-02 3.209762e-02 2.882958e-02 2.971821e-02 2.864495e-02 3.007063e-02 2.820008e-02 2.746918e-02 2.923222e-02 2.574323e-02 2.528400e-02 2.501171e-02 2.545464e-02 2.337981e-02 2.368781e-02 2.451934e-02 2.215251e-02 2.339594e-02 2.162885e-02 2.153153e-02 2.211725e-02 2.039758e-02 2.031015e-02 1.924346e-02 1.944129e-02 1.934838e-02 1.937180e-02 1.923921e-02 1.756118e-02 1.804574e-02 2.055292e-02 1.658173e-02 1.632336e-02 1.622736e-02 1.549781e-02 1.624799e-02 1.579348e-02 1.478138e-02 1.556936e-02 1.538647e-02 1.659448e-02 1.591284e-02
7.200000e+01 3.869060e-02 4.097837e-02 3.708305e-02 3.584807e-02 3.608768e-02 3.585309e-02 3.488616e-02 3.500159e-02 3.427495e-02 3.241166e-02 3.165268e-02 3.272426e-02 3.242635e-02 3.299546e-02 3.220137e-02 2.815818e-02 2.785666e-02 2.873904e-02 2.838982e-02 2.770511e-02 2.736993e-02 2.561645e-02 2.497288e-02 2.558667e-02 2.454550e-02 2.358368e-02 2.439192e-02 2.250593e-02 2.256123e-02 2.291247e-02 2.029910e-02 1.987855e-02 2.091548e-02 2.055890e-02 1.928420e-02 1.923077e-02 1.839441e-02 2.199762e-02 1.945304e-02 1.806728e-02 1.799875e-02 1.871361e-02 1.756367e-02 1.719561e-02 1.729945e-02 1.660724e-02 1.672994e-02 1.682674e-02
7.300000e+01 4.501158e-02 4.398602e-02 4.356855e-02 4.220412e-02 4.091754e-02 4.421162e-02 4.064863e-02 3.962544e-02 3.945687e-02 3.744283e-02 3.666091e-02 3.496838e-02 3.419703e-02 3.784286e-02 3.591289e-02 3.190142e-02 3.325660e-02 3.125911e-02 2.997591e-02 3.122176e-02 2.928443e-02 3.027518e-02 2.816864e-02 2.748076e-02 2.654016e-02 2.750709e-02 2.727142e-02 2.650597e-02 2.374896e-02 2.405369e-02 2.427105e-02 2.272363e-02 2.341524e-02 2.429786e-02 2.158343e-02 2.329260e-02 2.102787e-02 2.292858e-02 2.530421e-02 1.946623e-02 1.858240e-02 2.065004e-02 2.140454e-02 1.911710e-02 1.888147e-02 1.894882e-02 1.863779e-02 1.920494e-02
7.400000e+01 4.747857e-02 4.839887e-02 4.985089e-02 4.977278e-02 4.486788e-02 4.918033e-02 4.401656e-02 4.698214e-02 4.035705e-02 4.364132e-02 4.321962e-02 4.073384e-02 4.001843e-02 3.984620e-02 4.136463e-02 3.639123e-02 3.603632e-02 3.845914e-02 3.640740e-02 3.619923e-02 3.289120e-02 3.331212e-02 3.068665e-02 3.188960e-02 3.110675e-02 3.046897e-02 3.166527e-02 2.882072e-02 2.904604e-02 2.577906e-02 2.815145e-02 2.830437e-02 2.680871e-02 2.718060e-02 2.532095e-02 2.536791e-02 2.514151e-02 2.523247e-02 2.379776e-02 2.632946e-02 2.264020e-02 2.334187e-02 2.249423e-02 2.231123e-02 2.157655e-02 2.127348e-02 2.116827e-02 2.027585e-02
7.500000e+01 5.133441e-02 5.420642e-02 5.667476e-02 5.200846e-02 5.098931e-02 5.283708e-02 4.912548e-02 5.123409e-02 4.967423e-02 4.524156e-02 4.679959e-02 4.808722e-02 4.551118e-02 4.575498e-02 4.452467e-02 4.331118e-02 4.108856e-02 4.020714e-02 4.159502e-02 3.813176e-02 4.029745e-02 3.747045e-02 3.694919e-02 3.458479e-02 3.548714e-02 3.572499e-02 3.407815e-02 3.316073e-02 3.096850e-02 3.280801e-02 3.161527e-02 2.929118e-02 2.873238e-02 2.964403e-02 2.828421e-02 2.799408e-02 2.646460e-02 2.747184e-02 2.601565e-02 2.447482e-02 2.901955e-02 2.477979e-02 2.427152e-02 2.370700e-02 2.499399e-02 2.301634e-02 2.309877e-02 2.369911e-02
7.600000e+01 6.095829e-02 5.894684e-02 6.289979e-02 5.814189e-02 5.761806e-02 5.979401e-02 5.530119e-02 5.730621e-02 5.524578e-02 5.503027e-02 5.171347e-02 5.226264e-02 5.149508e-02 5.190298e-02 4.889331e-02 4.780596e-02 4.712685e-02 4.723643e-02 4.420061e-02 4.604287e-02 4.555735e-02 4.473161e-02 4.109008e-02 4.120749e-02 3.863952e-02 3.987891e-02 3.741910e-02 3.944105e-02 3.651291e-02 3.569181e-02 3.611012e-02 3.369150e-02 3.227694e-02 3.463051e-02 3.236174e-02 3.174683e-02 3.155769e-02 3.033586e-02 3.280078e-02 2.805601e-02 2.894573e-02 3.396265e-02 2.704725e-02 2.749707e-02 2.775152e-02 2.811591e-02 2.502947e-02 2.476307e-02
7.700000e+01 6.672995e-02 6.777865e-02 6.846418e-02 6.667752e-02 6.398841e-02 6.799458e-02 6.771940e-02 6.130305e-02 6.433841e-02 6.105349e-02 5.699368e-02 5.610647e-02 5.907504e-02 5.988705e-02 5.607213e-02 4.968944e-02 5.234405e-02 5.413772e-02 4.998901e-02 4.956006e-02 5.106533e-02 5.045344e-02 4.563365e-02 4.777160e-02 4.633621e-02 4.625247e-02 4.223769e-02 3.974287e-02 4.087428e-02 3.969654e-02 4.270588e-02 3.820541e-02 3.781120e-02 3.774179e-02 3.728425e-02 3.618052e-02 3.569863e-02 3.560145e-02 3.549526e-02 3.141152e-02 3.290921e-02 3.070187e-02 3.622842e-02 2.960714e-02 2.983343e-02 2.983472e-02 3.070886e-02 2.907829e-02
7.800000e+01 7.650800e-02 7.339559e-02 7.291542e-02 7.197550e-02 6.922270e-02 7.693619e-02 7.112336e-02 7.607640e-02 6.765811e-02 6.554672e-02 6.691056e-02 6.709977e-02 6.624286e-02 6.489907e-02 6.551955e-02 5.907732e-02 5.856732e-02 5.899825e-02 5.629298e-02 5.441862e-02 5.638150e-02 5.470549e-02 5.287692e-02 5.319411e-02 4.936353e-02 4.901834e-02 4.725226e-02 4.614653e-02 4.556143e-02 4.624691e-02 4.702094e-02 4.304429e-02 4.240653e-02 4.175410e-02 4.217639e-02 4.177030e-02 4.078019e-02 3.987279e-02 3.908162e-02 3.625045e-02 3.846575e-02 3.506729e-02 3.319273e-02 4.047254e-02 3.330915e-02 3.210154e-02 3.418430e-02 3.565936e-02
7.900000e+01 8.176500e-02 8.274428e-02 7.970874e-02 8.134156e-02 7.780962e-02 7.722661e-02 8.181762e-02 7.802364e-02 7.725598e-02 7.375933e-02 7.577210e-02 7.197479e-02 7.555556e-02 7.468311e-02 7.300350e-02 6.672111e-02 6.271856e-02 6.361403e-02 6.373693e-02 6.209453e-02 6.087983e-02 6.147786e-02 6.017845e-02 5.870210e-02 5.944665e-02 5.354407e-02 5.539191e-02 5.198958e-02 5.147886e-02 4.905407e-02 5.027165e-02 4.968869e-02 5.071269e-02 5.007305e-02 4.472538e-02 4.857555e-02 4.670128e-02 4.397026e-02 4.492883e-02 4.224962e-02 4.228565e-02 4.186576e-02 3.980392e-02 3.949766e-02 4.616690e-02 3.813838e-02 3.794472e-02 3.897071e-02
8.000000e+01 9.370483e-02 9.260534e-02 9.856094e-02 9.492566e-02 9.221640e-02 8.496991e-02 8.657423e-02 9.152113e-02 8.433101e-02 8.540588e-02 7.794118e-02 7.876142e-02 7.677757e-02 8.037284e-02 7.617935e-02 7.427565e-02 7.310047e-02 6.982037e-02 6.757209e-02 6.843074e-02 6.921839e-02 6.930180e-02 6.270473e-02 6.727816e-02 6.381450e-02 6.625916e-02 6.153225e-02 6.104984e-02 5.663397e-02 5.668200e-02 5.574528e-02 5.672828e-02 5.623604e-02 5.692694e-02 5.079048e-02 5.416959e-02 5.296070e-02 4.964728e-02 5.029102e-02 4.867398e-02 4.789383e-02 4.793177e-02 4.684487e-02 4.579420e-02 4.655912e-02 5.229374e-02 4.411227e-02 4.349272e-02
8.100000e+01 1.019373e-01 9.955556e-02 1.071875e-01 9.945629e-02 9.621806e-02 1.043099e-01 9.261823e-02 9.966167e-02 9.373378e-02 9.407466e-02 9.033149e-02 8.815689e-02 9.038987e-02 9.027861e-02 8.738426e-02 8.322272e-02 8.169597e-02 7.880299e-02 7.642880e-02 7.702924e-02 7.529110e-02 8.003434e-02 7.541653e-02 7.268193e-02 7.416914e-02 7.072817e-02 7.129102e-02 6.553275e-02 6.593532e-02 6.517903e-02 6.617701e-02 6.628628e-02 6.104823e-02 6.374971e-02 5.644095e-02 5.866878e-02 5.562799e-02 5.886929e-02 5.920050e-02 5.327038e-02 5.290989e-02 5.240228e-02 5.225090e-02 5.215984e-02 5.074208e-02 5.144705e-02 5.736262e-02 4.775065e-02
8.200000e+01 1.112288e-01 1.096003e-01 1.122569e-01 1.108820e-01 1.104425e-01 1.098019e-01 1.133977e-01 1.079564e-01 1.014552e-01 9.933666e-02 1.034510e-01 1.044686e-01 9.599053e-02 1.048327e-01 9.603175e-02 9.135441e-02 8.682426e-02 8.367833e-02 8.921955e-02 8.570142e-02 8.597460e-02 8.817922e-02 7.897769e-02 7.794228e-02 8.042385e-02 8.180778e-02 7.677808e-02 7.583941e-02 7.190580e-02 7.162870e-02 7.122395e-02 7.029068e-02 6.918286e-02 6.857375e-02 6.525022e-02 7.157216e-02 6.655899e-02 6.340020e-02 6.527682e-02 6.054571e-02 6.158059e-02 5.918019e-02 5.896806e-02 5.758302e-02 6.104851e-02 5.640449e-02 5.424219e-02 6.601214e-02
8.300000e+01 1.209939e-01 1.266675e-01 1.212823e-01 1.194989e-01 1.148599e-01 1.210837e-01 1.167552e-01 1.206432e-01 1.157638e-01 1.082527e-01 1.197991e-01 1.143034e-01 1.073690e-01 1.138782e-01 1.089034e-01 1.000073e-01 1.003699e-01 9.685918e-02 9.636662e-02 9.386873e-02 9.575512e-02 9.442631e-02 9.066605e-02 9.112533e-02 8.610568e-02 8.554729e-02 8.701507e-02 8.415349e-02 8.339003e-02 7.908358e-02 7.883237e-02 7.512471e-02 7.688735e-02 7.975015e-02 7.391633e-02 7.390406e-02 7.686589e-02 7.033142e-02 7.671967e-02 6.885339e-02 7.100446e-02 6.648548e-02 6.765147e-02 6.585830e-02 6.592031e-02 6.483287e-02 6.381823e-02 6.286687e-02
8.400000e+01 1.331370e-01 1.330144e-01 1.286125e-01 1.333944e-01 1.253000e-01 1.309199e-01 1.375175e-01 1.350938e-01 1.294505e-01 1.172872e-01 1.173231e-01 1.166124e-01 1.196666e-01 1.192453e-01 1.179233e-01 1.073002e-01 1.076697e-01 1.066946e-01 1.050764e-01 1.006070e-01 1.058781e-01 1.022905e-01 1.018661e-01 9.969345e-02 9.996265e-02 9.911295e-02 1.020278e-01 9.366249e-02 9.344529e-02 8.866210e-02 9.068413e-02 9.037970e-02 8.506271e-02 8.721565e-02 8.653090e-02 8.567139e-02 8.309609e-02 8.589276e-02 8.264974e-02 8.013172e-02 7.744927e-02 7.765344e-02 7.418710e-02 7.343041e-02 7.278274e-02 7.510746e-02 7.264957e-02 7.387700e-02
8.500000e+01 1.414450e-01 1.444257e-01 1.483058e-01 1.425862e-01 1.414464e-01 1.435964e-01 1.348625e-01 1.428763e-01 1.385358e-01 1.382196e-01 1.416483e-01 1.299354e-01 1.329684e-01 1.316179e-01 1.329912e-01 1.262007e-01 1.218225e-01 1.212617e-01 1.238425e-01 1.158769e-01 1.151546e-01 1.206732e-01 1.116763e-01 1.105898e-01 1.092211e-01 1.144173e-01 1.129074e-01 1.048842e-01 1.074959e-01 1.012439e-01 1.089780e-01 1.013835e-01 9.837008e-02 9.844122e-02 9.792713e-02 9.282297e-02 9.155293e-02 8.697416e-02 9.448270e-02 8.430257e-02 8.724118e-02 8.683092e-02 8.678107e-02 8.129154e-02 8.625570e-02 8.362752e-02 8.423793e-02 8.296089e-02
8.600000e+01 1.419492e-01 1.516983e-01 1.625366e-01 1.558515e-01 1.559020e-01 1.600282e-01 1.612632e-01 1.497662e-01 1.565340e-01 1.508959e-01 1.513545e-01 1.412414e-01 1.450948e-01 1.450514e-01 1.456336e-01 1.421418e-01 1.298022e-01 1.323562e-01 1.323118e-01 1.286706e-01 1.277555e-01 1.367473e-01 1.193453e-01 1.200888e-01 1.185545e-01 1.151028e-01 1.230960e-01 1.108130e-01 1.044012e-01 1.133422e-01 1.142080e-01 1.153846e-01 1.105504e-01 1.122502e-01 1.029624e-01 1.092617e-01 1.007263e-01 1.012966e-01 1.025263e-01 1.008088e-01 9.724218e-02 9.692693e-02 9.231467e-02 9.734788e-02 9.458653e-02 9.426724e-02 9.503304e-02 9.835208e-02
8.700000e+01 1.677003e-01 1.759234e-01 1.774351e-01 1.689109e-01 1.627907e-01 1.786260e-01 1.694047e-01 1.737033e-01 1.615061e-01 1.548949e-01 1.612003e-01 1.539941e-01 1.464513e-01 1.534264e-01 1.545871e-01 1.442694e-01 1.406794e-01 1.373877e-01 1.482928e-01 1.314480e-01 1.379115e-01 1.426799e-01 1.357847e-01 1.361791e-01 1.312050e-01 1.278880e-01 1.290611e-01 1.261591e-01 1.251878e-01 1.181514e-01 1.209785e-01 1.205716e-01 1.211457e-01 1.241687e-01 1.195440e-01 1.129852e-01 1.148603e-01 1.132950e-01 1.192019e-01 1.115880e-01 1.082397e-01 1.128547e-01 1.047657e-01 1.069761e-01 1.106930e-01 1.035770e-01 1.071446e-01 1.062829e-01
8.800000e+01 1.624410e-01 1.774797e-01 1.979064e-01 1.867470e-01 1.775540e-01 1.842105e-01 1.779592e-01 1.828704e-01 1.753037e-01 1.646922e-01 1.776942e-01 1.687772e-01 1.740201e-01 1.782887e-01 1.657640e-01 1.526029e-01 1.501926e-01 1.535882e-01 1.556526e-01 1.542325e-01 1.527025e-01 1.494634e-01 1.472889e-01 1.475934e-01 1.428398e-01 1.446026e-01 1.457121e-01 1.337852e-01 1.414654e-01 1.343112e-01 1.359779e-01 1.411411e-01 1.334760e-01 1.433495e-01 1.294605e-01 1.335053e-01 1.241816e-01 1.288263e-01 1.275066e-01 1.219433e-01 1.226182e-01 1.221177e-01 1.218657e-01 1.150566e-01 1.229063e-01 1.207417e-01 1.170834e-01 1.231676e-01
8.900000e+01 2.039230e-01 1.838500e-01 2.016743e-01 1.964437e-01 1.883677e-01 1.936497e-01 1.937669e-01 2.003995e-01 1.931525e-01 1.854888e-01 1.778094e-01 1.910995e-01 1.719343e-01 1.825843e-01 1.780374e-01 1.630662e-01 1.691644e-01 1.657388e-01 1.664675e-01 1.568026e-01 1.611883e-01 1.669948e-01 1.522085e-01 1.571228e-01 1.638655e-01 1.597134e-01 1.540397e-01 1.590414e-01 1.481346e-01 1.507336e-01 1.508015e-01 1.480405e-01 1.448958e-01 1.470008e-01 1.513025e-01 1.489008e-01 1.450094e-01 1.387722e-01 1.452802e-01 1.376894e-01 1.352350e-01 1.359052e-01 1.337074e-01 1.333246e-01 1.356443e-01 1.310983e-01 1.393849e-01 1.311045e-01
9.000000e+01 2.045455e-01 2.155745e-01 2.011834e-01 2.031636e-01 2.116004e-01 2.166362e-01 1.995444e-01 2.115059e-01 2.078365e-01 2.014003e-01 2.063197e-01 1.907074e-01 1.822279e-01 1.994275e-01 1.971609e-01 1.822660e-01 1.817401e-01 1.864500e-01 1.802157e-01 1.840245e-01 1.769645e-01 1.797216e-01 1.734185e-01 1.709050e-01 1.692854e-01 1.708734e-01 1.760786e-01 1.585366e-01 1.627232e-01 1.628341e-01 1.699583e-01 1.588405e-01 1.549278e-01 1.638077e-01 1.548372e-01 1.621682e-01 1.594678e-01 1.589682e-01 1.616710e-01 1.503950e-01 1.526819e-01 1.519980e-01 1.459086e-01 1.470867e-01 1.463230e-01 1.473984e-01 1.418834e-01 1.583411e-01
9.100000e+01 2.176957e-01 2.271903e-01 2.314758e-01 2.048694e-01 2.073171e-01 2.389503e-01 2.126225e-01 2.376731e-01 2.345881e-01 2.157630e-01 2.115987e-01 2.045037e-01 2.045455e-01 2.135881e-01 1.958678e-01 1.696154e-01 1.891501e-01 1.832386e-01 1.995289e-01 1.955398e-01 1.867365e-01 1.968279e-01 1.821279e-01 1.841913e-01 1.745413e-01 1.810209e-01 1.769873e-01 1.850274e-01 1.819404e-01 1.732618e-01 1.850220e-01 1.828288e-01 1.685964e-01 1.821177e-01 1.795800e-01 1.752837e-01 1.838926e-01 1.713369e-01 1.742073e-01 1.639736e-01 1.661508e-01 1.669629e-01 1.668677e-01 1.549585e-01 1.681968e-01 1.636153e-01 1.658261e-01 1.665659e-01
9.200000e+01 2.485644e-01 2.404007e-01 2.661417e-01 2.483444e-01 2.406015e-01 2.180896e-01 2.250712e-01 2.356542e-01 2.303625e-01 2.296898e-01 2.267442e-01 2.267442e-01 2.151394e-01 2.370959e-01 2.209302e-01 2.068627e-01 2.125000e-01 2.072235e-01 2.054367e-01 1.993997e-01 1.949711e-01 2.001448e-01 2.007287e-01 1.950585e-01 2.036483e-01 2.062430e-01 1.990428e-01 1.918323e-01 1.969131e-01 1.890918e-01 1.953300e-01 1.896916e-01 1.950295e-01 1.967275e-01 1.919343e-01 1.916071e-01 1.892962e-01 1.912942e-01 2.010340e-01 1.805286e-01 1.870915e-01 1.840107e-01 1.781939e-01 1.821931e-01 1.831649e-01 1.773868e-01 1.861929e-01 1.769625e-01
9.300000e+01 2.776413e-01 2.551487e-01 2.710383e-01 2.520612e-01 2.611174e-01 2.346833e-01 2.336018e-01 2.706587e-01 2.657704e-01 2.472138e-01 2.220020e-01 2.171482e-01 2.314445e-01 2.268977e-01 2.341085e-01 1.949557e-01 2.237216e-01 2.284981e-01 2.219666e-01 2.321529e-01 2.180910e-01 2.311508e-01 2.225792e-01 2.085288e-01 2.249701e-01 2.051678e-01 2.107737e-01 2.145156e-01 2.138070e-01 2.088050e-01 2.082963e-01 2.036082e-01 1.963907e-01 2.281428e-01 1.972488e-01 2.063419e-01 2.098274e-01 2.041773e-01 2.156822e-01 1.924254e-01 1.990884e-01 1.956596e-01 2.091187e-01 1.998437e-01 2.040908e-01 1.940620e-01 1.974026e-01 1.996553e-01
9.400000e+01 2.716981e-01 2.622061e-01 2.695375e-01 2.727273e-01 2.661157e-01 2.987616e-01 2.470588e-01 2.428571e-01 2.876033e-01 2.511346e-01 2.453372e-01 2.325000e-01 2.205006e-01 2.447307e-01 2.483660e-01 2.338490e-01 2.328638e-01 2.527273e-01 2.381786e-01 2.245509e-01 2.452830e-01 2.545721e-01 2.366864e-01 2.159854e-01 2.143248e-01 2.398332e-01 2.337221e-01 2.257315e-01 2.176582e-01 2.046965e-01 2.226190e-01 2.192351e-01 2.306585e-01 2.167172e-01 2.128920e-01 2.297964e-01 2.143503e-01 2.279267e-01 2.335570e-01 2.153425e-01 2.130992e-01 2.181070e-01 2.053747e-01 2.129801e-01 2.127533e-01 2.106477e-01 2.132565e-01 2.271639e-01
9.500000e+01 2.939394e-01 2.853026e-01 2.955145e-01 3.033419e-01 3.100962e-01 3.278302e-01 2.968037e-01 2.872570e-01 2.527716e-01 2.715232e-01 2.821577e-01 2.720450e-01 2.189655e-01 2.731959e-01 2.866345e-01 2.094595e-01 2.651852e-01 2.622754e-01 2.571429e-01 2.514689e-01 2.345178e-01 2.580331e-01 2.641509e-01 2.369369e-01 2.517321e-01 2.424028e-01 2.452565e-01 2.207084e-01 2.286585e-01 2.340813e-01 2.363033e-01 2.383202e-01 2.397834e-01 2.456552e-01 2.300490e-01 2.476862e-01 2.416734e-01 2.416895e-01 2.523226e-01 2.320706e-01 2.450262e-01 2.377622e-01 2.335041e-01 2.300085e-01 2.264753e-01 2.312389e-01 2.306555e-01 2.396094e-01
9.600000e+01 3.232759e-01 3.155738e-01 3.370370e-01 3.197026e-01 3.597360e-01 3.079710e-01 3.089701e-01 2.974684e-01 2.993827e-01 2.474576e-01 2.532051e-01 2.841530e-01 2.632850e-01 2.635659e-01 2.713936e-01 2.213439e-01 2.599581e-01 3.089109e-01 2.802102e-01 2.380952e-01 2.909091e-01 2.475928e-01 2.384292e-01 2.787115e-01 2.553699e-01 2.733813e-01 2.647059e-01 2.465483e-01 2.717014e-01 2.469136e-01 2.768496e-01 2.486528e-01 2.540809e-01 2.783172e-01 2.727860e-01 2.566372e-01 2.500000e-01 2.576087e-01 2.600423e-01 2.514139e-01 2.314584e-01 2.549296e-01 2.602684e-01 2.458009e-01 2.426637e-01 2.494781e-01 2.419745e-01 2.605364e-01
9.700000e+01 2.695035e-01 3.101266e-01 3.426966e-01 3.220339e-01 2.701149e-01 2.937853e-01 3.300493e-01 2.602041e-01 3.069767e-01 3.409091e-01 3.076923e-01 2.500000e-01 2.452830e-01 3.200000e-01 2.613636e-01 2.478134e-01 3.059937e-01 2.885714e-01 2.939394e-01 3.159204e-01 2.818627e-01 3.076923e-01 2.693069e-01 2.414487e-01 2.837302e-01 2.758065e-01 2.801205e-01 2.649457e-01 2.599469e-01 2.809816e-01 2.455726e-01 2.737557e-01 2.709411e-01 2.742090e-01 2.603664e-01 2.772187e-01 2.603902e-01 2.755187e-01 2.771739e-01 2.564302e-01 2.666667e-01 2.790997e-01 2.852543e-01 2.615836e-01 2.798708e-01 2.702007e-01 2.569913e-01 2.650490e-01
9.800000e+01 2.352941e-01 3.365385e-01 3.303571e-01 3.027523e-01 2.956522e-01 3.277311e-01 2.389381e-01 3.134328e-01 2.656250e-01 3.475177e-01 3.356164e-01 2.733333e-01 2.256098e-01 2.934132e-01 2.873563e-01 2.477064e-01 2.673267e-01 2.890995e-01 2.555066e-01 3.181818e-01 3.214286e-01 2.972028e-01 3.009709e-01 3.042328e-01 2.886598e-01 3.232877e-01 3.000000e-01 2.766440e-01 2.824427e-01 2.697495e-01 2.827225e-01 2.752000e-01 2.591973e-01 3.131313e-01 2.828283e-01 2.766532e-01 3.034571e-01 2.713936e-01 2.969283e-01 2.781532e-01 2.749731e-01 2.816206e-01 2.821691e-01 2.863894e-01 2.874693e-01 2.871674e-01 2.892012e-01 2.832995e-01
9.900000e+01 1.000000e+00 1.000000e+00 1.000000e+00 1.000000e+00 1.000000e+00 1.000000e+00 1.000000e+00 1.000000e+00 1.000000e+00 1.000000e+00 1.000000e+00 1.000000e+00 1.000000e+00 1.000000e+00 1.000000e+00 1.000000e+00 1.000000e+00 1.000000e+00 1.000000e+00 1.000000e+00 1.000000e+00 1.000000e+00 1.000000e+00 1.000000e+00 1.000000e+00 1.000000e+00 1.000000e+00 1.000000e+00 1.000000e+00 1.000000e+00 3.070866e-01 2.746667e-01 3.043478e-01 2.889391e-01 3.142857e-01 3.014862e-01 3.005780e-01 3.059273e-01 3.171953e-01 3.003597e-01 2.963550e-01 2.908243e-01 3.161560e-01 2.792398e-01 3.198960e-01 3.060719e-01 3.133333e-01 2.906351e-01
1.000000e+02 1.000000e+00 1.000000e+00 1.000000e+00 1.000000e+00 1.000000e+00 1.000000e+00 1.000000e+00 1.000000e+00 1.000000e+00 1.000000e+00 1.000000e+00 1.000000e+00 1.000000e+00 1.000000e+00 1.000000e+00 1.000000e+00 1.000000e+00 1.000000e+00 1.000000e+00 1.000000e+00 1.000000e+00 1.000000e+00 1.000000e+00 1.000000e+00 1.000000e+00 1.000000e+00 1.000000e+00 1.000000e+00 1.000000e+00 1.000000e+00 1.000000e+00 1.000000e+00 1.000000e+00 1.000000e+00 1.000000e+00 1.000000e+00 3.513514e-01 1.000000e+00 1.000000e+00 1.000000e+00 1.000000e+00 3.466135e-01 1.000000e+00 1.000000e+00 3.452685e-01 3.330435e-01 3.341385e-01 3.450075e-01
